38.0
116.0
56.0
36.0
66.0
62.0
62.0
40.0
56.0
56.0
44.0
32.0
56.0
74.0
34.0
56.0
42.0
36.0
24.0
44.0
54.0
16.0
60.0
34.0
36.0
32.0
32.0
34.0
40.0
24.0
26.0
30.0
20.0
26.0
24.0
30.0
38.0
14.0
38.0
22.0
42.0
18.0
26.0
28.0
16.0
24.0
14.0
28.0
6.0
28.0
12.0
20.0
22.0
16.0
30.0
8.0
30.0
10.0
14.0
16.0
26.0
12.0
14.0
10.0
14.0
24.0
12.0
16.0
6.0
10.0
14.0
14.0
6.0
10.0
10.0
8.0
12.0
8.0
10.0
12.0
10.0
22.0
10.0
16.0
12.0
4.0
16.0
10.0
8.0
6.0
16.0
12.0
14.0
16.0
10.0
8.0
4.0
10.0
4.0
2.0
10.0
12.0
12.0
0.0
2.0
20.0
4.0
6.0
6.0
4.0
12.0
8.0
6.0
6.0
12.0
12.0
10.0
8.0
8.0
2.0
2.0
6.0
10.0
10.0
10.0
8.0
8.0
6.0
6.0
6.0
2.0
