92.0
156.0
56.0
54.0
78.0
84.0
72.0
70.0
58.0
58.0
48.0
42.0
64.0
56.0
14.0
56.0
60.0
42.0
28.0
54.0
60.0
12.0
60.0
44.0
42.0
28.0
24.0
42.0
36.0
16.0
28.0
32.0
30.0
24.0
32.0
24.0
30.0
16.0
26.0
30.0
36.0
20.0
20.0
38.0
16.0
16.0
16.0
24.0
14.0
26.0
12.0
18.0
16.0
18.0
26.0
6.0
22.0
8.0
24.0
12.0
30.0
14.0
14.0
6.0
18.0
20.0
8.0
22.0
0.0
8.0
8.0
22.0
10.0
22.0
16.0
6.0
14.0
10.0
10.0
8.0
12.0
12.0
10.0
10.0
14.0
14.0
10.0
12.0
6.0
10.0
4.0
10.0
12.0
14.0
10.0
10.0
4.0
14.0
8.0
6.0
16.0
4.0
14.0
0.0
4.0
24.0
8.0
8.0
2.0
2.0
10.0
6.0
12.0
10.0
10.0
10.0
6.0
12.0
4.0
10.0
10.0
12.0
10.0
12.0
18.0
4.0
16.0
12.0
4.0
14.0
4.0
