952672256
1802055680
1802706944
1802924032
1803141120
1803358208
1803575296
1803792384
1804009472
1804226560
1804660736
1804877824
1805094912
1805312000
1805529088
1805746176
1805963264
1806180352
1806397440
1806614528
1806831616
1807048704
1807265792
1807482880
1807699968
1807917056
1808134144
1808351232
1808568320
1808785408
1809002496
1809219584
1809436672
1809870848
3508637696
2659258368
960618496
1810001920
1811267584
1812316160
1813364736
1814413312
1815461888
1816510464
1817559040
1818607616
2667991040
3517374464
2667991040
