65536
73728
217088
225280
229376
233472
241664
253952
258048
258048
266240
2371584
2379776
2650112
2654208
5873664
5914624
5926912
9097216
9105408
11296768
11304960
11309056
15273984
15298560
15319040
15323136
15331328
15335424
15069184
15065088
15269888
16961536
17387520
19079168
20770816
19083264
19079168
20807680
21667840
22528000
22663168
22798336
23707648
24571904
25137152
25653248
26034176
26288128
26869760
27918336
28966912
29102080
29237248
30285824
31334400
32382976
33431552
34480128
35528704
33841152
33837056
34885632
33837056
34885632
35934208
36982784
38031360
39079936
40128512
41177088
42225664
43274240
44322816
45371392
46419968
48242688
