65536
73728
217088
225280
229376
233472
241664
253952
258048
258048
266240
2371584
2379776
2650112
2654208
5873664
5914624
5926912
9097216
9105408
11296768
11304960
11309056
15273984
15298560
15319040
15323136
15331328
15335424
15069184
15065088
15269888
42311680
49074176
76115968
103157760
76120064
76115968
103288832
104284160
105279488
106274816
107270144
108265472
109260800
110256128
111251456
112300032
113348608
114397184
115445760
116494336
117542912
118591488
91553792
91549696
92598272
91549696
118722560
119771136
120819712
121868288
122916864
123965440
125014016
126062592
127111168
127246336
128294912
129343488
130392064
131760128
133128192
160301056
