65536
73728
217088
225280
229376
233472
241664
253952
258048
258048
266240
2371584
2379776
2650112
2654208
5873664
5914624
5926912
9097216
9105408
11296768
11304960
11309056
15273984
15298560
15319040
15323136
15331328
15335424
15069184
15065088
15269888
16961536
17387520
19079168
20770816
19083264
19079168
20807680
21667840
22528000
22663168
22798336
23752704
24616960
25092096
25473024
26333184
26624000
26882048
27930624
28979200
30027776
28340224
28336128
29384704
28336128
29384704
30433280
31481856
32530432
33579008
34627584
35676160
37498880
