450 450
1 139 1 1 0
1 2 1 178 0
1 438 1 3 0
1 183 1 4 0
1 5 1 190 0
1 204 1 6 0
1 260 1 7 0
1 244 1 8 0
1 131 1 9 0
1 367 1 10 0
1 443 1 11 0
1 171 1 12 0
1 13 1 414 0
1 14 1 35 0
1 230 1 15 0
1 57 1 16 0
1 17 1 361 0
1 369 1 18 0
1 39 1 19 0
1 20 1 255 0
1 21 1 383 0
1 22 1 356 0
1 84 1 23 0
1 291 1 24 0
1 25 1 11 0
1 26 1 394 0
1 27 1 97 0
1 28 1 258 0
1 7 1 29 0
1 30 1 218 0
1 31 1 164 0
1 346 1 32 0
1 33 1 85 0
1 34 1 227 0
1 30 1 35 0
1 368 1 36 0
1 37 1 104 0
1 193 1 38 0
1 202 1 39 0
1 408 1 40 0
1 41 1 314 0
1 42 1 346 0
1 43 1 324 0
1 13 1 44 0
1 319 1 45 0
1 46 1 185 0
1 47 1 176 0
1 439 1 48 0
1 49 1 63 0
1 50 1 320 0
1 51 1 443 0
1 52 1 248 0
1 53 1 369 0
1 210 1 54 0
1 60 1 55 0
1 368 1 56 0
1 57 1 215 0
1 246 1 58 0
1 202 1 59 0
1 443 1 60 0
1 336 1 61 0
1 400 1 62 0
1 63 1 413 0
1 64 1 170 0
1 67 1 65 0
1 66 1 268 0
1 67 1 239 0
1 68 1 409 0
1 69 1 260 0
1 248 1 70 0
1 71 1 108 0
1 206 1 72 0
1 73 1 127 0
1 233 1 74 0
1 75 1 151 0
1 58 1 76 0
1 63 1 77 0
1 78 1 145 0
1 266 1 79 0
1 80 1 144 0
1 81 1 197 0
1 82 1 63 0
1 24 1 83 0
1 203 1 84 0
1 85 1 219 0
1 86 1 245 0
1 198 1 87 0
1 144 1 88 0
1 89 1 32 0
1 270 1 90 0
1 136 1 91 0
1 217 1 92 0
1 85 1 93 0
1 7 1 94 0
1 95 1 139 0
1 96 1 35 0
1 251 1 97 0
1 98 1 379 0
1 99 1 181 0
1 100 1 46 0
1 276 1 101 0
1 102 1 305 0
1 106 1 103 0
1 104 1 149 0
1 417 1 105 0
1 106 1 440 0
1 231 1 107 0
1 274 1 108 0
1 61 1 109 0
1 307 1 110 0
1 312 1 111 0
1 15 1 112 0
1 113 1 436 0
1 164 1 114 0
1 115 1 203 0
1 84 1 116 0
1 329 1 117 0
1 118 1 368 0
1 329 1 119 0
1 340 1 120 0
1 362 1 121 0
1 310 1 122 0
1 123 1 360 0
1 286 1 124 0
1 367 1 125 0
1 204 1 126 0
1 127 1 406 0
1 159 1 128 0
1 317 1 129 0
1 130 1 249 0
1 131 1 345 0
1 132 1 15 0
1 133 1 164 0
1 434 1 134 0
1 45 1 135 0
1 245 1 136 0
1 16 1 137 0
1 138 1 215 0
1 47 1 139 0
1 310 1 140 0
1 374 1 141 0
1 144 1 142 0
1 143 1 386 0
1 144 1 386 0
1 121 1 145 0
1 5 1 146 0
1 270 1 147 0
1 141 1 148 0
1 138 1 149 0
1 150 1 286 0
1 151 1 148 0
1 5 1 152 0
1 336 1 153 0
1 6 1 154 0
1 155 1 216 0
1 94 1 156 0
1 157 1 98 0
1 39 1 158 0
1 159 1 250 0
1 40 1 160 0
1 161 1 225 0
1 162 1 194 0
1 163 1 24 0
1 287 1 164 0
1 245 1 165 0
1 166 1 73 0
1 167 1 53 0
1 168 1 319 0
1 169 1 164 0
1 170 1 92 0
1 113 1 171 0
1 172 1 352 0
1 162 1 173 0
1 79 1 174 0
1 175 1 426 0
1 176 1 418 0
1 65 1 177 0
1 157 1 178 0
1 179 1 72 0
1 180 1 126 0
1 221 1 181 0
1 196 1 182 0
1 379 1 183 0
1 184 1 381 0
1 200 1 185 0
1 65 1 186 0
1 187 1 265 0
1 133 1 188 0
1 136 1 189 0
1 190 1 372 0
1 191 1 367 0
1 192 1 79 0
1 193 1 15 0
1 194 1 115 0
1 195 1 402 0
1 343 1 196 0
1 197 1 216 0
1 198 1 396 0
1 305 1 199 0
1 200 1 288 0
1 388 1 201 0
1 202 1 90 0
1 323 1 203 0
1 204 1 160 0
1 145 1 205 0
1 233 1 206 0
1 207 1 76 0
1 150 1 208 0
1 253 1 209 0
1 106 1 210 0
1 153 1 211 0
1 212 1 424 0
1 213 1 237 0
1 168 1 214 0
1 215 1 144 0
1 259 1 216 0
1 335 1 217 0
1 140 1 218 0
1 230 1 219 0
1 220 1 206 0
1 360 1 221 0
1 222 1 272 0
1 223 1 421 0
1 16 1 224 0
1 157 1 225 0
1 226 1 404 0
1 343 1 227 0
1 228 1 350 0
1 229 1 93 0
1 230 1 216 0
1 231 1 133 0
1 77 1 232 0
1 421 1 233 0
1 234 1 36 0
1 235 1 154 0
1 416 1 236 0
1 25 1 237 0
1 317 1 238 0
1 176 1 239 0
1 323 1 240 0
1 310 1 241 0
1 242 1 245 0
1 351 1 243 0
1 244 1 287 0
1 245 1 251 0
1 129 1 246 0
1 247 1 303 0
1 157 1 248 0
1 202 1 249 0
1 250 1 57 0
1 281 1 251 0
1 344 1 252 0
1 397 1 253 0
1 218 1 254 0
1 319 1 255 0
1 348 1 256 0
1 257 1 91 0
1 350 1 258 0
1 259 1 276 0
1 242 1 260 0
1 395 1 261 0
1 242 1 262 0
1 271 1 263 0
1 4 1 264 0
1 265 1 17 0
1 147 1 266 0
1 267 1 245 0
1 35 1 268 0
1 385 1 269 0
1 270 1 153 0
1 271 1 347 0
1 272 1 43 0
1 430 1 273 0
1 274 1 86 0
1 222 1 275 0
1 276 1 231 0
1 128 1 277 0
1 278 1 14 0
1 155 1 279 0
1 298 1 280 0
1 281 1 197 0
1 282 1 175 0
1 357 1 283 0
1 284 1 77 0
1 359 1 285 0
1 286 1 138 0
1 127 1 287 0
1 239 1 288 0
1 419 1 289 0
1 290 1 28 0
1 291 1 91 0
1 292 1 207 0
1 293 1 339 0
1 294 1 347 0
1 22 1 295 0
1 411 1 296 0
1 297 1 76 0
1 50 1 298 0
1 425 1 299 0
1 90 1 300 0
1 250 1 301 0
1 302 1 415 0
1 303 1 249 0
1 40 1 304 0
1 305 1 432 0
1 306 1 294 0
1 307 1 370 0
1 308 1 101 0
1 309 1 18 0
1 220 1 310 0
1 414 1 311 0
1 312 1 9 0
1 23 1 313 0
1 314 1 398 0
1 73 1 315 0
1 53 1 316 0
1 317 1 20 0
1 103 1 318 0
1 319 1 129 0
1 320 1 16 0
1 125 1 321 0
1 322 1 329 0
1 401 1 323 0
1 324 1 59 0
1 329 1 325 0
1 356 1 326 0
1 327 1 416 0
1 102 1 328 0
1 329 1 77 0
1 19 1 330 0
1 128 1 331 0
1 425 1 332 0
1 333 1 115 0
1 334 1 417 0
1 125 1 335 0
1 336 1 428 0
1 337 1 365 0
1 338 1 228 0
1 339 1 63 0
1 80 1 340 0
1 341 1 22 0
1 342 1 120 0
1 343 1 180 0
1 344 1 127 0
1 242 1 345 0
1 346 1 209 0
1 330 1 347 0
1 348 1 370 0
1 398 1 349 0
1 350 1 329 0
1 11 1 351 0
1 352 1 167 0
1 353 1 310 0
1 354 1 205 0
1 298 1 355 0
1 168 1 356 0
1 249 1 357 0
1 358 1 211 0
1 300 1 359 0
1 360 1 131 0
1 297 1 361 0
1 362 1 155 0
1 363 1 231 0
1 359 1 364 0
1 365 1 99 0
1 2 1 366 0
1 118 1 367 0
1 368 1 336 0
1 369 1 245 0
1 392 1 370 0
1 271 1 371 0
1 324 1 372 0
1 179 1 373 0
1 115 1 374 0
1 41 1 375 0
1 376 1 17 0
1 377 1 336 0
1 371 1 378 0
1 379 1 58 0
1 179 1 380 0
1 381 1 333 0
1 76 1 382 0
1 383 1 445 0
1 384 1 129 0
1 385 1 166 0
1 386 1 398 0
1 387 1 375 0
1 242 1 388 0
1 389 1 386 0
1 390 1 41 0
1 391 1 125 0
1 392 1 66 0
1 393 1 169 0
1 114 1 394 0
1 281 1 395 0
1 340 1 396 0
1 397 1 176 0
1 398 1 207 0
1 150 1 399 0
1 400 1 420 0
1 401 1 32 0
1 64 1 402 0
1 403 1 268 0
1 404 1 29 0
1 242 1 405 0
1 163 1 406 0
1 18 1 407 0
1 341 1 408 0
1 44 1 409 0
1 107 1 410 0
1 76 1 411 0
1 412 1 274 0
1 413 1 69 0
1 387 1 414 0
1 415 1 303 0
1 416 1 365 0
1 277 1 417 0
1 79 1 418 0
1 419 1 220 0
1 420 1 265 0
1 421 1 187 0
1 422 1 331 0
1 408 1 423 0
1 433 1 424 0
1 420 1 425 0
1 426 1 150 0
1 146 1 427 0
1 428 1 22 0
1 347 1 429 0
1 430 1 411 0
1 42 1 431 0
1 432 1 392 0
1 178 1 433 0
1 47 1 434 0
1 162 1 435 0
1 436 1 366 0
1 437 1 50 0
1 438 1 209 0
1 439 1 393 0
1 440 1 263 0
1 234 1 441 0
1 365 1 442 0
1 79 1 443 0
1 416 1 444 0
1 211 1 445 0
1 266 1 446 0
1 393 1 447 0
1 448 1 434 0
1 449 1 353 0
1 450 1 21 0
