800 800
1 1 1 722 0
1 629 1 2 0
1 3 1 790 0
1 66 1 4 0
1 506 1 5 0
1 762 1 6 0
1 7 1 706 0
1 756 1 8 0
1 9 1 737 0
1 30 1 10 0
1 767 1 11 0
1 12 1 782 0
1 13 1 235 0
1 161 1 14 0
1 617 1 15 0
1 1 1 16 0
1 17 1 492 0
1 140 1 18 0
1 338 1 19 0
1 47 1 20 0
1 21 1 53 0
1 22 1 638 0
1 23 1 388 0
1 24 1 2 0
1 25 1 71 0
1 26 1 520 0
1 407 1 27 0
1 28 1 395 0
1 29 1 159 0
1 578 1 30 0
1 31 1 317 0
1 271 1 32 0
1 613 1 33 0
1 760 1 34 0
1 400 1 35 0
1 36 1 187 0
1 37 1 101 0
1 136 1 38 0
1 39 1 95 0
1 737 1 40 0
1 41 1 767 0
1 710 1 42 0
1 736 1 43 0
1 304 1 44 0
1 45 1 739 0
1 750 1 46 0
1 166 1 47 0
1 770 1 48 0
1 39 1 49 0
1 788 1 50 0
1 786 1 51 0
1 150 1 52 0
1 221 1 53 0
1 451 1 54 0
1 339 1 55 0
1 56 1 452 0
1 57 1 528 0
1 58 1 429 0
1 410 1 59 0
1 176 1 60 0
1 543 1 61 0
1 62 1 627 0
1 400 1 63 0
1 333 1 64 0
1 231 1 65 0
1 66 1 616 0
1 67 1 285 0
1 68 1 411 0
1 179 1 69 0
1 379 1 70 0
1 736 1 71 0
1 72 1 635 0
1 73 1 641 0
1 670 1 74 0
1 75 1 555 0
1 76 1 670 0
1 642 1 77 0
1 78 1 671 0
1 79 1 46 0
1 36 1 80 0
1 81 1 621 0
1 82 1 133 0
1 83 1 76 0
1 84 1 573 0
1 52 1 85 0
1 148 1 86 0
1 87 1 96 0
1 88 1 311 0
1 89 1 47 0
1 127 1 90 0
1 723 1 91 0
1 92 1 773 0
1 93 1 217 0
1 163 1 94 0
1 175 1 95 0
1 96 1 390 0
1 97 1 93 0
1 98 1 655 0
1 99 1 561 0
1 370 1 100 0
1 338 1 101 0
1 245 1 102 0
1 545 1 103 0
1 77 1 104 0
1 105 1 352 0
1 448 1 106 0
1 631 1 107 0
1 108 1 437 0
1 4 1 109 0
1 154 1 110 0
1 111 1 510 0
1 112 1 41 0
1 428 1 113 0
1 114 1 392 0
1 115 1 418 0
1 116 1 687 0
1 4 1 117 0
1 118 1 591 0
1 136 1 119 0
1 120 1 17 0
1 110 1 121 0
1 777 1 122 0
1 123 1 539 0
1 520 1 124 0
1 125 1 212 0
1 126 1 307 0
1 92 1 127 0
1 74 1 128 0
1 568 1 129 0
1 595 1 130 0
1 23 1 131 0
1 158 1 132 0
1 85 1 133 0
1 328 1 134 0
1 21 1 135 0
1 136 1 638 0
1 720 1 137 0
1 226 1 138 0
1 369 1 139 0
1 428 1 140 0
1 377 1 141 0
1 403 1 142 0
1 739 1 143 0
1 720 1 144 0
1 145 1 138 0
1 737 1 146 0
1 147 1 60 0
1 188 1 148 0
1 333 1 149 0
1 428 1 150 0
1 693 1 151 0
1 262 1 152 0
1 153 1 87 0
1 154 1 172 0
1 425 1 155 0
1 190 1 156 0
1 157 1 336 0
1 574 1 158 0
1 192 1 159 0
1 530 1 160 0
1 161 1 298 0
1 740 1 162 0
1 163 1 208 0
1 164 1 200 0
1 442 1 165 0
1 91 1 166 0
1 800 1 167 0
1 168 1 221 0
1 169 1 374 0
1 107 1 170 0
1 171 1 498 0
1 218 1 172 0
1 526 1 173 0
1 288 1 174 0
1 175 1 39 0
1 708 1 176 0
1 177 1 435 0
1 550 1 178 0
1 427 1 179 0
1 313 1 180 0
1 181 1 672 0
1 182 1 644 0
1 380 1 183 0
1 165 1 184 0
1 384 1 185 0
1 186 1 470 0
1 187 1 230 0
1 615 1 188 0
1 189 1 422 0
1 190 1 450 0
1 452 1 191 0
1 270 1 192 0
1 45 1 193 0
1 194 1 155 0
1 100 1 195 0
1 226 1 196 0
1 301 1 197 0
1 198 1 560 0
1 199 1 410 0
1 195 1 200 0
1 311 1 201 0
1 317 1 202 0
1 584 1 203 0
1 204 1 555 0
1 205 1 421 0
1 285 1 206 0
1 207 1 115 0
1 53 1 208 0
1 457 1 209 0
1 102 1 210 0
1 82 1 211 0
1 212 1 485 0
1 213 1 608 0
1 214 1 577 0
1 215 1 623 0
1 797 1 216 0
1 217 1 84 0
1 218 1 449 0
1 219 1 368 0
1 220 1 124 0
1 221 1 102 0
1 222 1 322 0
1 223 1 595 0
1 224 1 172 0
1 173 1 225 0
1 226 1 61 0
1 144 1 227 0
1 424 1 228 0
1 350 1 229 0
1 230 1 792 0
1 231 1 355 0
1 303 1 232 0
1 233 1 618 0
1 380 1 234 0
1 471 1 235 0
1 236 1 799 0
1 409 1 237 0
1 238 1 77 0
1 96 1 239 0
1 673 1 240 0
1 241 1 594 0
1 242 1 416 0
1 283 1 243 0
1 244 1 124 0
1 245 1 155 0
1 197 1 246 0
1 247 1 83 0
1 248 1 289 0
1 622 1 249 0
1 280 1 250 0
1 251 1 193 0
1 279 1 252 0
1 253 1 528 0
1 254 1 425 0
1 59 1 255 0
1 590 1 256 0
1 230 1 257 0
1 225 1 258 0
1 259 1 574 0
1 168 1 260 0
1 261 1 59 0
1 262 1 189 0
1 263 1 432 0
1 264 1 333 0
1 265 1 183 0
1 287 1 266 0
1 731 1 267 0
1 415 1 268 0
1 269 1 389 0
1 270 1 521 0
1 288 1 271 0
1 272 1 160 0
1 273 1 469 0
1 274 1 243 0
1 519 1 275 0
1 592 1 276 0
1 492 1 277 0
1 369 1 278 0
1 279 1 598 0
1 775 1 280 0
1 312 1 281 0
1 282 1 330 0
1 696 1 283 0
1 284 1 566 0
1 230 1 285 0
1 655 1 286 0
1 287 1 573 0
1 42 1 288 0
1 56 1 289 0
1 290 1 50 0
1 291 1 180 0
1 292 1 306 0
1 293 1 716 0
1 257 1 294 0
1 232 1 295 0
1 703 1 296 0
1 509 1 297 0
1 183 1 298 0
1 299 1 561 0
1 258 1 300 0
1 301 1 83 0
1 649 1 302 0
1 303 1 608 0
1 304 1 422 0
1 305 1 597 0
1 132 1 306 0
1 307 1 51 0
1 47 1 308 0
1 695 1 309 0
1 567 1 310 0
1 311 1 24 0
1 312 1 287 0
1 313 1 105 0
1 670 1 314 0
1 315 1 174 0
1 316 1 71 0
1 317 1 523 0
1 112 1 318 0
1 316 1 319 0
1 320 1 471 0
1 12 1 321 0
1 322 1 453 0
1 744 1 323 0
1 324 1 514 0
1 52 1 325 0
1 531 1 326 0
1 327 1 34 0
1 328 1 228 0
1 160 1 329 0
1 273 1 330 0
1 331 1 204 0
1 716 1 332 0
1 333 1 651 0
1 334 1 395 0
1 584 1 335 0
1 336 1 364 0
1 318 1 337 0
1 677 1 338 0
1 339 1 364 0
1 23 1 340 0
1 341 1 497 0
1 342 1 480 0
1 343 1 303 0
1 344 1 228 0
1 165 1 345 0
1 346 1 331 0
1 347 1 408 0
1 348 1 501 0
1 349 1 2 0
1 350 1 666 0
1 351 1 610 0
1 352 1 173 0
1 280 1 353 0
1 354 1 123 0
1 355 1 445 0
1 356 1 764 0
1 357 1 410 0
1 358 1 324 0
1 420 1 359 0
1 360 1 125 0
1 361 1 564 0
1 579 1 362 0
1 234 1 363 0
1 364 1 343 0
1 365 1 531 0
1 47 1 366 0
1 285 1 367 0
1 368 1 302 0
1 360 1 369 0
1 370 1 157 0
1 249 1 371 0
1 372 1 679 0
1 373 1 280 0
1 715 1 374 0
1 756 1 375 0
1 376 1 667 0
1 377 1 380 0
1 378 1 42 0
1 225 1 379 0
1 380 1 366 0
1 2 1 381 0
1 382 1 124 0
1 211 1 383 0
1 384 1 185 0
1 385 1 470 0
1 386 1 678 0
1 97 1 387 0
1 466 1 388 0
1 425 1 389 0
1 371 1 390 0
1 391 1 547 0
1 531 1 392 0
1 628 1 393 0
1 711 1 394 0
1 527 1 395 0
1 209 1 396 0
1 67 1 397 0
1 769 1 398 0
1 399 1 753 0
1 621 1 400 0
1 401 1 757 0
1 274 1 402 0
1 403 1 491 0
1 121 1 404 0
1 667 1 405 0
1 713 1 406 0
1 407 1 191 0
1 567 1 408 0
1 409 1 142 0
1 119 1 410 0
1 411 1 535 0
1 412 1 369 0
1 690 1 413 0
1 414 1 484 0
1 452 1 415 0
1 416 1 753 0
1 417 1 96 0
1 418 1 487 0
1 419 1 397 0
1 442 1 420 0
1 529 1 421 0
1 422 1 674 0
1 423 1 618 0
1 424 1 573 0
1 425 1 82 0
1 555 1 426 0
1 427 1 296 0
1 428 1 185 0
1 530 1 429 0
1 430 1 654 0
1 431 1 290 0
1 432 1 422 0
1 433 1 53 0
1 434 1 511 0
1 246 1 435 0
1 107 1 436 0
1 437 1 561 0
1 438 1 106 0
1 413 1 439 0
1 569 1 440 0
1 441 1 773 0
1 452 1 442 0
1 506 1 443 0
1 444 1 54 0
1 329 1 445 0
1 648 1 446 0
1 531 1 447 0
1 558 1 448 0
1 449 1 601 0
1 395 1 450 0
1 453 1 451 0
1 452 1 445 0
1 751 1 453 0
1 470 1 454 0
1 455 1 693 0
1 173 1 456 0
1 313 1 457 0
1 170 1 458 0
1 175 1 459 0
1 460 1 204 0
1 154 1 461 0
1 642 1 462 0
1 463 1 83 0
1 676 1 464 0
1 465 1 124 0
1 233 1 466 0
1 140 1 467 0
1 716 1 468 0
1 316 1 469 0
1 407 1 470 0
1 492 1 471 0
1 451 1 472 0
1 65 1 473 0
1 474 1 73 0
1 475 1 188 0
1 57 1 476 0
1 477 1 575 0
1 219 1 478 0
1 189 1 479 0
1 480 1 650 0
1 205 1 481 0
1 482 1 229 0
1 483 1 297 0
1 588 1 484 0
1 131 1 485 0
1 190 1 486 0
1 487 1 376 0
1 495 1 488 0
1 673 1 489 0
1 490 1 48 0
1 528 1 491 0
1 197 1 492 0
1 493 1 649 0
1 494 1 596 0
1 678 1 495 0
1 496 1 738 0
1 497 1 205 0
1 540 1 498 0
1 748 1 499 0
1 25 1 500 0
1 501 1 688 0
1 502 1 799 0
1 524 1 503 0
1 504 1 782 0
1 505 1 650 0
1 506 1 512 0
1 417 1 507 0
1 518 1 508 0
1 342 1 509 0
1 93 1 510 0
1 67 1 511 0
1 512 1 752 0
1 387 1 513 0
1 67 1 514 0
1 515 1 284 0
1 259 1 516 0
1 517 1 360 0
1 518 1 593 0
1 611 1 519 0
1 520 1 38 0
1 521 1 301 0
1 522 1 301 0
1 523 1 198 0
1 524 1 378 0
1 312 1 525 0
1 399 1 526 0
1 527 1 716 0
1 528 1 143 0
1 529 1 284 0
1 183 1 530 0
1 630 1 531 0
1 532 1 740 0
1 533 1 85 0
1 721 1 534 0
1 535 1 111 0
1 536 1 46 0
1 537 1 44 0
1 153 1 538 0
1 539 1 685 0
1 537 1 540 0
1 541 1 607 0
1 542 1 225 0
1 543 1 439 0
1 544 1 287 0
1 545 1 592 0
1 718 1 546 0
1 302 1 547 0
1 436 1 548 0
1 549 1 261 0
1 447 1 550 0
1 41 1 551 0
1 327 1 552 0
1 421 1 553 0
1 554 1 391 0
1 555 1 451 0
1 556 1 53 0
1 452 1 557 0
1 558 1 466 0
1 171 1 559 0
1 193 1 560 0
1 561 1 779 0
1 562 1 310 0
1 239 1 563 0
1 544 1 564 0
1 38 1 565 0
1 630 1 566 0
1 275 1 567 0
1 568 1 679 0
1 569 1 556 0
1 570 1 284 0
1 571 1 538 0
1 147 1 572 0
1 573 1 182 0
1 445 1 574 0
1 387 1 575 0
1 342 1 576 0
1 622 1 577 0
1 578 1 528 0
1 579 1 388 0
1 512 1 580 0
1 757 1 581 0
1 582 1 98 0
1 788 1 583 0
1 584 1 487 0
1 338 1 585 0
1 586 1 788 0
1 126 1 587 0
1 588 1 450 0
1 589 1 296 0
1 590 1 688 0
1 71 1 591 0
1 592 1 389 0
1 730 1 593 0
1 746 1 594 0
1 595 1 318 0
1 596 1 485 0
1 597 1 33 0
1 598 1 307 0
1 599 1 220 0
1 406 1 600 0
1 607 1 601 0
1 602 1 722 0
1 750 1 603 0
1 604 1 36 0
1 558 1 605 0
1 606 1 32 0
1 607 1 103 0
1 608 1 722 0
1 51 1 609 0
1 439 1 610 0
1 274 1 611 0
1 730 1 612 0
1 625 1 613 0
1 614 1 45 0
1 319 1 615 0
1 757 1 616 0
1 617 1 53 0
1 257 1 618 0
1 619 1 550 0
1 345 1 620 0
1 621 1 443 0
1 622 1 584 0
1 623 1 23 0
1 478 1 624 0
1 625 1 158 0
1 28 1 626 0
1 778 1 627 0
1 516 1 628 0
1 629 1 509 0
1 630 1 369 0
1 631 1 375 0
1 632 1 66 0
1 633 1 406 0
1 634 1 407 0
1 635 1 167 0
1 636 1 340 0
1 637 1 42 0
1 638 1 739 0
1 250 1 639 0
1 640 1 176 0
1 358 1 641 0
1 642 1 542 0
1 643 1 764 0
1 23 1 644 0
1 332 1 645 0
1 646 1 766 0
1 647 1 469 0
1 648 1 605 0
1 649 1 508 0
1 650 1 61 0
1 651 1 682 0
1 61 1 652 0
1 653 1 449 0
1 270 1 654 0
1 112 1 655 0
1 656 1 313 0
1 779 1 657 0
1 658 1 796 0
1 659 1 185 0
1 660 1 417 0
1 661 1 627 0
1 365 1 662 0
1 385 1 663 0
1 664 1 111 0
1 542 1 665 0
1 666 1 591 0
1 317 1 667 0
1 548 1 668 0
1 251 1 669 0
1 427 1 670 0
1 671 1 182 0
1 144 1 672 0
1 391 1 673 0
1 674 1 772 0
1 263 1 675 0
1 164 1 676 0
1 677 1 483 0
1 423 1 678 0
1 679 1 700 0
1 267 1 680 0
1 681 1 542 0
1 354 1 682 0
1 683 1 756 0
1 36 1 684 0
1 466 1 685 0
1 686 1 426 0
1 735 1 687 0
1 633 1 688 0
1 571 1 689 0
1 690 1 302 0
1 691 1 520 0
1 251 1 692 0
1 693 1 127 0
1 312 1 694 0
1 695 1 191 0
1 696 1 395 0
1 697 1 229 0
1 698 1 106 0
1 699 1 359 0
1 700 1 341 0
1 701 1 179 0
1 356 1 702 0
1 429 1 703 0
1 235 1 704 0
1 705 1 710 0
1 461 1 706 0
1 707 1 711 0
1 382 1 708 0
1 615 1 709 0
1 648 1 710 0
1 711 1 18 0
1 3 1 712 0
1 713 1 621 0
1 240 1 714 0
1 715 1 634 0
1 716 1 495 0
1 717 1 430 0
1 127 1 718 0
1 719 1 98 0
1 720 1 20 0
1 721 1 461 0
1 522 1 722 0
1 723 1 35 0
1 724 1 142 0
1 538 1 725 0
1 726 1 174 0
1 462 1 727 0
1 318 1 728 0
1 246 1 729 0
1 564 1 730 0
1 731 1 655 0
1 299 1 732 0
1 494 1 733 0
1 57 1 734 0
1 45 1 735 0
1 736 1 253 0
1 799 1 737 0
1 244 1 738 0
1 739 1 699 0
1 740 1 598 0
1 741 1 197 0
1 582 1 742 0
1 743 1 517 0
1 288 1 744 0
1 176 1 745 0
1 746 1 778 0
1 541 1 747 0
1 698 1 748 0
1 749 1 790 0
1 750 1 658 0
1 259 1 751 0
1 17 1 752 0
1 753 1 118 0
1 83 1 754 0
1 755 1 66 0
1 756 1 334 0
1 709 1 757 0
1 758 1 605 0
1 16 1 759 0
1 760 1 423 0
1 141 1 761 0
1 762 1 270 0
1 763 1 662 0
1 216 1 764 0
1 101 1 765 0
1 523 1 766 0
1 767 1 83 0
1 768 1 287 0
1 769 1 591 0
1 770 1 446 0
1 778 1 771 0
1 772 1 756 0
1 773 1 687 0
1 774 1 362 0
1 641 1 775 0
1 776 1 648 0
1 727 1 777 0
1 135 1 778 0
1 48 1 779 0
1 780 1 595 0
1 781 1 667 0
1 782 1 726 0
1 457 1 783 0
1 431 1 784 0
1 785 1 155 0
1 444 1 786 0
1 793 1 787 0
1 788 1 20 0
1 789 1 385 0
1 790 1 223 0
1 689 1 791 0
1 529 1 792 0
1 793 1 366 0
1 544 1 794 0
1 468 1 795 0
1 54 1 796 0
1 755 1 797 0
1 427 1 798 0
1 635 1 799 0
1 800 1 779 0
