700 700
1 646 1 1 0
1 2 1 325 0
1 485 1 3 0
1 397 1 4 0
1 5 1 272 0
1 6 1 174 0
1 7 1 402 0
1 8 1 283 0
1 143 1 9 0
1 234 1 10 0
1 11 1 15 0
1 12 1 610 0
1 12 1 13 0
1 328 1 14 0
1 40 1 15 0
1 660 1 16 0
1 283 1 17 0
1 18 1 668 0
1 31 1 19 0
1 20 1 678 0
1 606 1 21 0
1 22 1 612 0
1 604 1 23 0
1 265 1 24 0
1 25 1 666 0
1 26 1 43 0
1 27 1 97 0
1 6 1 28 0
1 29 1 646 0
1 354 1 30 0
1 111 1 31 0
1 32 1 492 0
1 685 1 33 0
1 34 1 116 0
1 35 1 136 0
1 698 1 36 0
1 37 1 164 0
1 38 1 141 0
1 39 1 353 0
1 40 1 99 0
1 154 1 41 0
1 42 1 129 0
1 43 1 182 0
1 44 1 605 0
1 444 1 45 0
1 46 1 579 0
1 47 1 64 0
1 321 1 48 0
1 49 1 465 0
1 598 1 50 0
1 101 1 51 0
1 372 1 52 0
1 53 1 362 0
1 54 1 230 0
1 27 1 55 0
1 379 1 56 0
1 57 1 548 0
1 58 1 262 0
1 457 1 59 0
1 606 1 60 0
1 546 1 61 0
1 378 1 62 0
1 549 1 63 0
1 293 1 64 0
1 223 1 65 0
1 66 1 156 0
1 67 1 309 0
1 290 1 68 0
1 676 1 69 0
1 495 1 70 0
1 71 1 132 0
1 72 1 427 0
1 73 1 16 0
1 74 1 425 0
1 396 1 75 0
1 76 1 321 0
1 591 1 77 0
1 218 1 78 0
1 241 1 79 0
1 439 1 80 0
1 81 1 574 0
1 82 1 86 0
1 83 1 221 0
1 84 1 690 0
1 85 1 249 0
1 86 1 499 0
1 547 1 87 0
1 693 1 88 0
1 89 1 500 0
1 46 1 90 0
1 655 1 91 0
1 92 1 150 0
1 93 1 514 0
1 348 1 94 0
1 231 1 95 0
1 96 1 359 0
1 97 1 283 0
1 98 1 253 0
1 645 1 99 0
1 438 1 100 0
1 101 1 613 0
1 102 1 517 0
1 103 1 115 0
1 147 1 104 0
1 360 1 105 0
1 106 1 172 0
1 107 1 147 0
1 108 1 5 0
1 109 1 178 0
1 110 1 171 0
1 111 1 604 0
1 183 1 112 0
1 113 1 528 0
1 114 1 626 0
1 115 1 675 0
1 480 1 116 0
1 262 1 117 0
1 118 1 3 0
1 119 1 363 0
1 370 1 120 0
1 121 1 282 0
1 122 1 393 0
1 123 1 570 0
1 124 1 103 0
1 125 1 181 0
1 126 1 388 0
1 127 1 339 0
1 589 1 128 0
1 129 1 512 0
1 376 1 130 0
1 131 1 70 0
1 236 1 132 0
1 133 1 480 0
1 610 1 134 0
1 135 1 109 0
1 337 1 136 0
1 137 1 677 0
1 246 1 138 0
1 139 1 676 0
1 503 1 140 0
1 375 1 141 0
1 142 1 121 0
1 367 1 143 0
1 144 1 436 0
1 145 1 668 0
1 286 1 146 0
1 147 1 522 0
1 148 1 146 0
1 503 1 149 0
1 150 1 316 0
1 639 1 151 0
1 418 1 152 0
1 226 1 153 0
1 154 1 168 0
1 155 1 94 0
1 156 1 666 0
1 157 1 542 0
1 158 1 518 0
1 615 1 159 0
1 685 1 160 0
1 558 1 161 0
1 661 1 162 0
1 163 1 679 0
1 164 1 504 0
1 354 1 165 0
1 547 1 166 0
1 555 1 167 0
1 168 1 613 0
1 169 1 621 0
1 388 1 170 0
1 614 1 171 0
1 331 1 172 0
1 664 1 173 0
1 196 1 174 0
1 249 1 175 0
1 188 1 176 0
1 269 1 177 0
1 358 1 178 0
1 51 1 179 0
1 180 1 338 0
1 181 1 520 0
1 447 1 182 0
1 146 1 183 0
1 184 1 155 0
1 183 1 185 0
1 532 1 186 0
1 187 1 56 0
1 188 1 146 0
1 189 1 205 0
1 467 1 190 0
1 191 1 418 0
1 192 1 198 0
1 519 1 193 0
1 194 1 699 0
1 195 1 248 0
1 196 1 80 0
1 197 1 108 0
1 184 1 198 0
1 27 1 199 0
1 200 1 29 0
1 201 1 150 0
1 202 1 453 0
1 203 1 537 0
1 204 1 277 0
1 205 1 588 0
1 339 1 206 0
1 100 1 207 0
1 373 1 208 0
1 414 1 209 0
1 613 1 210 0
1 90 1 211 0
1 492 1 212 0
1 213 1 528 0
1 592 1 214 0
1 33 1 215 0
1 676 1 216 0
1 217 1 362 0
1 218 1 663 0
1 219 1 633 0
1 220 1 474 0
1 221 1 78 0
1 303 1 222 0
1 223 1 444 0
1 600 1 224 0
1 225 1 466 0
1 467 1 226 0
1 227 1 176 0
1 228 1 498 0
1 229 1 128 0
1 230 1 585 0
1 231 1 209 0
1 253 1 232 0
1 233 1 593 0
1 161 1 234 0
1 257 1 235 0
1 236 1 176 0
1 237 1 406 0
1 238 1 494 0
1 239 1 687 0
1 98 1 240 0
1 651 1 241 0
1 242 1 490 0
1 243 1 334 0
1 471 1 244 0
1 211 1 245 0
1 246 1 258 0
1 247 1 586 0
1 248 1 408 0
1 249 1 589 0
1 666 1 250 0
1 251 1 546 0
1 252 1 580 0
1 263 1 253 0
1 368 1 254 0
1 37 1 255 0
1 256 1 398 0
1 257 1 657 0
1 634 1 258 0
1 668 1 259 0
1 551 1 260 0
1 261 1 291 0
1 19 1 262 0
1 509 1 263 0
1 264 1 489 0
1 265 1 362 0
1 266 1 693 0
1 267 1 699 0
1 530 1 268 0
1 269 1 336 0
1 270 1 43 0
1 532 1 271 0
1 272 1 269 0
1 689 1 273 0
1 274 1 73 0
1 275 1 142 0
1 24 1 276 0
1 524 1 277 0
1 278 1 231 0
1 558 1 279 0
1 280 1 507 0
1 281 1 194 0
1 492 1 282 0
1 297 1 283 0
1 73 1 284 0
1 41 1 285 0
1 538 1 286 0
1 369 1 287 0
1 499 1 288 0
1 289 1 27 0
1 290 1 660 0
1 291 1 240 0
1 168 1 292 0
1 48 1 293 0
1 294 1 43 0
1 295 1 632 0
1 604 1 296 0
1 297 1 654 0
1 345 1 298 0
1 276 1 299 0
1 481 1 300 0
1 304 1 301 0
1 21 1 302 0
1 346 1 303 0
1 304 1 294 0
1 305 1 146 0
1 306 1 638 0
1 307 1 264 0
1 308 1 362 0
1 309 1 350 0
1 310 1 264 0
1 224 1 311 0
1 312 1 481 0
1 234 1 313 0
1 522 1 314 0
1 315 1 627 0
1 316 1 366 0
1 115 1 317 0
1 318 1 275 0
1 373 1 319 0
1 579 1 320 0
1 132 1 321 0
1 624 1 322 0
1 323 1 578 0
1 120 1 324 0
1 132 1 325 0
1 326 1 232 0
1 246 1 327 0
1 328 1 439 0
1 329 1 14 0
1 330 1 123 0
1 331 1 121 0
1 332 1 163 0
1 333 1 214 0
1 334 1 594 0
1 117 1 335 0
1 336 1 16 0
1 337 1 117 0
1 629 1 338 0
1 339 1 458 0
1 340 1 100 0
1 265 1 341 0
1 237 1 342 0
1 343 1 10 0
1 344 1 656 0
1 345 1 478 0
1 346 1 407 0
1 347 1 575 0
1 348 1 529 0
1 209 1 349 0
1 350 1 228 0
1 228 1 351 0
1 352 1 525 0
1 353 1 230 0
1 354 1 146 0
1 355 1 655 0
1 366 1 356 0
1 500 1 357 0
1 358 1 310 0
1 359 1 280 0
1 287 1 360 0
1 112 1 361 0
1 362 1 597 0
1 363 1 346 0
1 364 1 108 0
1 365 1 606 0
1 366 1 127 0
1 367 1 606 0
1 368 1 115 0
1 6 1 369 0
1 370 1 533 0
1 208 1 371 0
1 372 1 667 0
1 373 1 67 0
1 374 1 186 0
1 177 1 375 0
1 194 1 376 0
1 377 1 276 0
1 262 1 378 0
1 676 1 379 0
1 380 1 249 0
1 381 1 363 0
1 42 1 382 0
1 383 1 131 0
1 384 1 162 0
1 243 1 385 0
1 386 1 423 0
1 415 1 387 0
1 388 1 423 0
1 539 1 389 0
1 477 1 390 0
1 391 1 566 0
1 656 1 392 0
1 393 1 642 0
1 369 1 394 0
1 104 1 395 0
1 468 1 396 0
1 397 1 541 0
1 398 1 599 0
1 651 1 399 0
1 281 1 400 0
1 401 1 202 0
1 402 1 270 0
1 403 1 511 0
1 590 1 404 0
1 177 1 405 0
1 406 1 568 0
1 407 1 16 0
1 41 1 408 0
1 408 1 409 0
1 620 1 410 0
1 411 1 485 0
1 132 1 412 0
1 413 1 323 0
1 414 1 586 0
1 415 1 173 0
1 416 1 679 0
1 137 1 417 0
1 464 1 418 0
1 55 1 419 0
1 420 1 229 0
1 421 1 603 0
1 422 1 186 0
1 431 1 423 0
1 571 1 424 0
1 258 1 425 0
1 628 1 426 0
1 125 1 427 0
1 428 1 608 0
1 609 1 429 0
1 430 1 574 0
1 431 1 454 0
1 432 1 143 0
1 433 1 208 0
1 434 1 657 0
1 104 1 435 0
1 49 1 436 0
1 388 1 437 0
1 438 1 107 0
1 324 1 439 0
1 368 1 440 0
1 441 1 38 0
1 442 1 449 0
1 443 1 592 0
1 444 1 638 0
1 445 1 116 0
1 508 1 446 0
1 447 1 685 0
1 448 1 85 0
1 449 1 302 0
1 450 1 469 0
1 265 1 451 0
1 372 1 452 0
1 624 1 453 0
1 454 1 93 0
1 546 1 455 0
1 456 1 122 0
1 173 1 457 0
1 545 1 458 0
1 273 1 459 0
1 523 1 460 0
1 241 1 461 0
1 462 1 520 0
1 463 1 442 0
1 464 1 446 0
1 686 1 465 0
1 123 1 466 0
1 273 1 467 0
1 468 1 686 0
1 631 1 469 0
1 338 1 470 0
1 471 1 166 0
1 21 1 472 0
1 339 1 473 0
1 474 1 402 0
1 295 1 475 0
1 476 1 253 0
1 477 1 678 0
1 583 1 478 0
1 187 1 479 0
1 346 1 480 0
1 481 1 222 0
1 151 1 482 0
1 482 1 483 0
1 406 1 484 0
1 298 1 485 0
1 64 1 486 0
1 487 1 151 0
1 84 1 488 0
1 242 1 489 0
1 462 1 490 0
1 491 1 192 0
1 492 1 5 0
1 493 1 125 0
1 506 1 494 0
1 495 1 504 0
1 372 1 496 0
1 162 1 497 0
1 498 1 26 0
1 499 1 466 0
1 494 1 500 0
1 568 1 501 0
1 288 1 502 0
1 503 1 557 0
1 181 1 504 0
1 579 1 505 0
1 399 1 506 0
1 393 1 507 0
1 508 1 643 0
1 509 1 182 0
1 510 1 11 0
1 511 1 186 0
1 512 1 393 0
1 513 1 141 0
1 599 1 514 0
1 503 1 515 0
1 599 1 516 0
1 469 1 517 0
1 518 1 233 0
1 519 1 661 0
1 39 1 520 0
1 521 1 469 0
1 522 1 148 0
1 44 1 523 0
1 246 1 524 0
1 245 1 525 0
1 263 1 526 0
1 527 1 438 0
1 528 1 149 0
1 529 1 650 0
1 464 1 530 0
1 531 1 674 0
1 623 1 532 0
1 654 1 533 0
1 610 1 534 0
1 535 1 553 0
1 536 1 151 0
1 537 1 474 0
1 41 1 538 0
1 539 1 529 0
1 540 1 665 0
1 541 1 698 0
1 581 1 542 0
1 373 1 543 0
1 544 1 98 0
1 545 1 362 0
1 170 1 546 0
1 621 1 547 0
1 19 1 548 0
1 19 1 549 0
1 394 1 550 0
1 551 1 140 0
1 552 1 427 0
1 216 1 553 0
1 554 1 515 0
1 336 1 555 0
1 556 1 647 0
1 337 1 557 0
1 529 1 558 0
1 191 1 559 0
1 632 1 560 0
1 561 1 171 0
1 422 1 562 0
1 322 1 563 0
1 436 1 564 0
1 302 1 565 0
1 270 1 566 0
1 604 1 567 0
1 283 1 568 0
1 569 1 565 0
1 498 1 570 0
1 26 1 571 0
1 572 1 309 0
1 573 1 450 0
1 574 1 386 0
1 591 1 575 0
1 576 1 90 0
1 577 1 271 0
1 350 1 578 0
1 579 1 416 0
1 643 1 580 0
1 581 1 47 0
1 328 1 582 0
1 583 1 466 0
1 584 1 637 0
1 585 1 238 0
1 101 1 586 0
1 549 1 587 0
1 588 1 404 0
1 339 1 589 0
1 590 1 238 0
1 114 1 591 0
1 459 1 592 0
1 676 1 593 0
1 594 1 334 0
1 169 1 595 0
1 596 1 156 0
1 347 1 597 0
1 598 1 239 0
1 428 1 599 0
1 600 1 77 0
1 104 1 601 0
1 602 1 409 0
1 46 1 603 0
1 670 1 604 0
1 605 1 165 0
1 606 1 668 0
1 607 1 91 0
1 556 1 608 0
1 565 1 609 0
1 157 1 610 0
1 611 1 509 0
1 541 1 612 0
1 136 1 613 0
1 614 1 291 0
1 510 1 615 0
1 355 1 616 0
1 617 1 58 0
1 618 1 492 0
1 581 1 619 0
1 690 1 620 0
1 621 1 139 0
1 378 1 622 0
1 623 1 205 0
1 624 1 56 0
1 625 1 405 0
1 626 1 117 0
1 172 1 627 0
1 494 1 628 0
1 566 1 629 0
1 630 1 348 0
1 322 1 631 0
1 632 1 574 0
1 633 1 625 0
1 634 1 324 0
1 635 1 393 0
1 636 1 397 0
1 637 1 84 0
1 75 1 638 0
1 639 1 312 0
1 323 1 640 0
1 641 1 47 0
1 642 1 688 0
1 143 1 643 0
1 616 1 644 0
1 645 1 306 0
1 186 1 646 0
1 647 1 617 0
1 631 1 648 0
1 463 1 649 0
1 355 1 650 0
1 651 1 682 0
1 652 1 690 0
1 12 1 653 0
1 206 1 654 0
1 655 1 322 0
1 462 1 656 0
1 657 1 411 0
1 658 1 85 0
1 611 1 659 0
1 57 1 660 0
1 661 1 11 0
1 381 1 662 0
1 663 1 555 0
1 664 1 540 0
1 665 1 238 0
1 24 1 666 0
1 667 1 175 0
1 610 1 668 0
1 669 1 216 0
1 386 1 670 0
1 671 1 63 0
1 469 1 672 0
1 673 1 482 0
1 466 1 674 0
1 675 1 646 0
1 240 1 676 0
1 677 1 664 0
1 543 1 678 0
1 679 1 346 0
1 680 1 499 0
1 693 1 681 0
1 404 1 682 0
1 675 1 683 0
1 684 1 119 0
1 685 1 289 0
1 206 1 686 0
1 593 1 687 0
1 688 1 70 0
1 689 1 675 0
1 690 1 202 0
1 691 1 130 0
1 577 1 692 0
1 693 1 654 0
1 694 1 583 0
1 695 1 391 0
1 696 1 424 0
1 690 1 697 0
1 594 1 698 0
1 42 1 699 0
1 420 1 700 0
