1300 1300
1 195 1 1 0
1 62 1 2 0
1 3 1 842 0
1 4 1 827 0
1 312 1 5 0
1 6 1 363 0
1 1043 1 7 0
1 8 1 943 0
1 673 1 9 0
1 10 1 263 0
1 741 1 11 0
1 152 1 12 0
1 13 1 5 0
1 1178 1 14 0
1 968 1 15 0
1 202 1 16 0
1 1119 1 17 0
1 882 1 18 0
1 19 1 181 0
1 20 1 743 0
1 697 1 21 0
1 22 1 1206 0
1 23 1 833 0
1 659 1 24 0
1 25 1 342 0
1 1040 1 26 0
1 419 1 27 0
1 285 1 28 0
1 714 1 29 0
1 72 1 30 0
1 31 1 841 0
1 621 1 32 0
1 1124 1 33 0
1 34 1 1123 0
1 35 1 772 0
1 36 1 533 0
1 447 1 37 0
1 38 1 1278 0
1 39 1 824 0
1 40 1 1231 0
1 141 1 41 0
1 42 1 655 0
1 43 1 92 0
1 44 1 622 0
1 45 1 852 0
1 46 1 21 0
1 47 1 793 0
1 1290 1 48 0
1 952 1 49 0
1 50 1 186 0
1 957 1 51 0
1 1159 1 52 0
1 701 1 53 0
1 54 1 100 0
1 998 1 55 0
1 288 1 56 0
1 57 1 709 0
1 1277 1 58 0
1 59 1 674 0
1 1250 1 60 0
1 61 1 1265 0
1 435 1 62 0
1 63 1 1115 0
1 64 1 149 0
1 637 1 65 0
1 189 1 66 0
1 479 1 67 0
1 383 1 68 0
1 451 1 69 0
1 1210 1 70 0
1 71 1 489 0
1 209 1 72 0
1 269 1 73 0
1 74 1 1253 0
1 1162 1 75 0
1 612 1 76 0
1 1218 1 77 0
1 659 1 78 0
1 79 1 1221 0
1 80 1 107 0
1 81 1 6 0
1 82 1 262 0
1 62 1 83 0
1 31 1 84 0
1 61 1 85 0
1 86 1 671 0
1 87 1 645 0
1 88 1 851 0
1 89 1 254 0
1 90 1 1022 0
1 91 1 803 0
1 92 1 602 0
1 93 1 836 0
1 656 1 94 0
1 780 1 95 0
1 955 1 96 0
1 58 1 97 0
1 98 1 799 0
1 536 1 99 0
1 100 1 1217 0
1 1128 1 101 0
1 314 1 102 0
1 334 1 103 0
1 1255 1 104 0
1 610 1 105 0
1 106 1 878 0
1 1150 1 107 0
1 108 1 114 0
1 478 1 109 0
1 555 1 110 0
1 209 1 111 0
1 1080 1 112 0
1 113 1 289 0
1 541 1 114 0
1 115 1 1259 0
1 116 1 1201 0
1 973 1 117 0
1 118 1 416 0
1 1131 1 119 0
1 949 1 120 0
1 378 1 121 0
1 122 1 982 0
1 709 1 123 0
1 124 1 1280 0
1 125 1 839 0
1 1265 1 126 0
1 1041 1 127 0
1 128 1 1113 0
1 556 1 129 0
1 811 1 130 0
1 245 1 131 0
1 1205 1 132 0
1 252 1 133 0
1 134 1 642 0
1 433 1 135 0
1 136 1 238 0
1 137 1 543 0
1 138 1 404 0
1 1003 1 139 0
1 1014 1 140 0
1 141 1 852 0
1 19 1 142 0
1 1148 1 143 0
1 320 1 144 0
1 1230 1 145 0
1 146 1 34 0
1 147 1 204 0
1 1122 1 148 0
1 149 1 492 0
1 150 1 50 0
1 151 1 81 0
1 1251 1 152 0
1 153 1 302 0
1 154 1 1220 0
1 388 1 155 0
1 156 1 259 0
1 157 1 27 0
1 158 1 445 0
1 159 1 220 0
1 1205 1 160 0
1 607 1 161 0
1 1260 1 162 0
1 163 1 1080 0
1 164 1 1220 0
1 165 1 1011 0
1 166 1 411 0
1 1068 1 167 0
1 522 1 168 0
1 835 1 169 0
1 170 1 774 0
1 171 1 463 0
1 172 1 1035 0
1 1211 1 173 0
1 174 1 645 0
1 256 1 175 0
1 10 1 176 0
1 177 1 1154 0
1 532 1 178 0
1 977 1 179 0
1 924 1 180 0
1 181 1 1170 0
1 535 1 182 0
1 1265 1 183 0
1 184 1 438 0
1 148 1 185 0
1 568 1 186 0
1 1228 1 187 0
1 188 1 1070 0
1 189 1 178 0
1 190 1 66 0
1 489 1 191 0
1 192 1 894 0
1 678 1 193 0
1 616 1 194 0
1 195 1 668 0
1 881 1 196 0
1 197 1 62 0
1 245 1 198 0
1 199 1 581 0
1 200 1 293 0
1 201 1 78 0
1 202 1 679 0
1 203 1 284 0
1 348 1 204 0
1 388 1 205 0
1 600 1 206 0
1 207 1 528 0
1 208 1 860 0
1 209 1 1206 0
1 718 1 210 0
1 211 1 305 0
1 1192 1 212 0
1 217 1 213 0
1 603 1 214 0
1 1064 1 215 0
1 287 1 216 0
1 217 1 925 0
1 140 1 218 0
1 724 1 219 0
1 220 1 407 0
1 971 1 221 0
1 668 1 222 0
1 236 1 223 0
1 606 1 224 0
1 225 1 1110 0
1 1234 1 226 0
1 227 1 829 0
1 228 1 811 0
1 1240 1 229 0
1 819 1 230 0
1 513 1 231 0
1 507 1 232 0
1 233 1 339 0
1 320 1 234 0
1 44 1 235 0
1 1213 1 236 0
1 237 1 649 0
1 238 1 403 0
1 832 1 239 0
1 311 1 240 0
1 241 1 420 0
1 242 1 175 0
1 243 1 143 0
1 928 1 244 0
1 245 1 554 0
1 246 1 340 0
1 357 1 247 0
1 248 1 120 0
1 145 1 249 0
1 862 1 250 0
1 251 1 361 0
1 1212 1 252 0
1 745 1 253 0
1 1053 1 254 0
1 186 1 255 0
1 256 1 1011 0
1 1146 1 257 0
1 336 1 258 0
1 259 1 698 0
1 260 1 486 0
1 1230 1 261 0
1 262 1 1094 0
1 263 1 690 0
1 1088 1 264 0
1 265 1 779 0
1 81 1 266 0
1 267 1 1014 0
1 702 1 268 0
1 269 1 65 0
1 1294 1 270 0
1 862 1 271 0
1 272 1 956 0
1 101 1 273 0
1 1188 1 274 0
1 275 1 548 0
1 194 1 276 0
1 277 1 993 0
1 709 1 278 0
1 279 1 184 0
1 280 1 86 0
1 281 1 944 0
1 798 1 282 0
1 846 1 283 0
1 1118 1 284 0
1 678 1 285 0
1 286 1 199 0
1 274 1 287 0
1 860 1 288 0
1 1149 1 289 0
1 290 1 1089 0
1 291 1 668 0
1 1272 1 292 0
1 1284 1 293 0
1 294 1 138 0
1 295 1 831 0
1 296 1 1136 0
1 297 1 495 0
1 298 1 999 0
1 303 1 299 0
1 548 1 300 0
1 685 1 301 0
1 302 1 306 0
1 90 1 303 0
1 684 1 304 0
1 305 1 386 0
1 306 1 555 0
1 307 1 427 0
1 390 1 308 0
1 696 1 309 0
1 310 1 1233 0
1 311 1 643 0
1 312 1 454 0
1 313 1 683 0
1 689 1 314 0
1 371 1 315 0
1 316 1 368 0
1 1160 1 317 0
1 1127 1 318 0
1 319 1 62 0
1 555 1 320 0
1 598 1 321 0
1 322 1 638 0
1 323 1 421 0
1 324 1 81 0
1 325 1 618 0
1 471 1 326 0
1 327 1 270 0
1 328 1 45 0
1 329 1 120 0
1 330 1 1018 0
1 331 1 815 0
1 248 1 332 0
1 520 1 333 0
1 1246 1 334 0
1 964 1 335 0
1 93 1 336 0
1 1176 1 337 0
1 752 1 338 0
1 43 1 339 0
1 340 1 1095 0
1 966 1 341 0
1 342 1 162 0
1 343 1 990 0
1 926 1 344 0
1 878 1 345 0
1 346 1 1086 0
1 347 1 918 0
1 164 1 348 0
1 349 1 509 0
1 350 1 459 0
1 351 1 516 0
1 352 1 103 0
1 353 1 657 0
1 1277 1 354 0
1 355 1 18 0
1 471 1 356 0
1 1199 1 357 0
1 358 1 522 0
1 359 1 15 0
1 360 1 192 0
1 361 1 898 0
1 866 1 362 0
1 363 1 168 0
1 364 1 1174 0
1 365 1 916 0
1 467 1 366 0
1 757 1 367 0
1 757 1 368 0
1 677 1 369 0
1 370 1 351 0
1 307 1 371 0
1 372 1 277 0
1 136 1 373 0
1 374 1 642 0
1 381 1 375 0
1 376 1 1114 0
1 377 1 1096 0
1 970 1 378 0
1 42 1 379 0
1 854 1 380 0
1 381 1 1153 0
1 382 1 189 0
1 59 1 383 0
1 135 1 384 0
1 385 1 329 0
1 756 1 386 0
1 387 1 738 0
1 955 1 388 0
1 1251 1 389 0
1 390 1 49 0
1 525 1 391 0
1 392 1 1158 0
1 17 1 393 0
1 814 1 394 0
1 741 1 395 0
1 396 1 331 0
1 397 1 368 0
1 661 1 398 0
1 516 1 399 0
1 740 1 400 0
1 401 1 653 0
1 376 1 402 0
1 403 1 896 0
1 508 1 404 0
1 405 1 262 0
1 31 1 406 0
1 862 1 407 0
1 408 1 1214 0
1 1218 1 409 0
1 410 1 480 0
1 411 1 168 0
1 472 1 412 0
1 159 1 413 0
1 926 1 414 0
1 1157 1 415 0
1 763 1 416 0
1 417 1 436 0
1 418 1 423 0
1 539 1 419 0
1 420 1 717 0
1 421 1 1035 0
1 422 1 1052 0
1 279 1 423 0
1 424 1 1132 0
1 425 1 603 0
1 411 1 426 0
1 731 1 427 0
1 428 1 1046 0
1 485 1 429 0
1 1117 1 430 0
1 431 1 1239 0
1 489 1 432 0
1 433 1 638 0
1 434 1 849 0
1 435 1 770 0
1 681 1 436 0
1 60 1 437 0
1 438 1 173 0
1 439 1 1243 0
1 440 1 25 0
1 441 1 982 0
1 487 1 442 0
1 443 1 230 0
1 896 1 444 0
1 445 1 731 0
1 446 1 388 0
1 447 1 527 0
1 448 1 1196 0
1 1263 1 449 0
1 946 1 450 0
1 63 1 451 0
1 75 1 452 0
1 453 1 960 0
1 454 1 976 0
1 753 1 455 0
1 456 1 1000 0
1 457 1 367 0
1 533 1 458 0
1 1128 1 459 0
1 281 1 460 0
1 964 1 461 0
1 295 1 462 0
1 1197 1 463 0
1 464 1 874 0
1 861 1 465 0
1 466 1 376 0
1 1003 1 467 0
1 468 1 907 0
1 767 1 469 0
1 1107 1 470 0
1 92 1 471 0
1 1257 1 472 0
1 473 1 457 0
1 352 1 474 0
1 475 1 1267 0
1 476 1 757 0
1 477 1 694 0
1 478 1 540 0
1 816 1 479 0
1 1107 1 480 0
1 1269 1 481 0
1 482 1 397 0
1 813 1 483 0
1 484 1 1142 0
1 485 1 1027 0
1 486 1 535 0
1 487 1 784 0
1 860 1 488 0
1 489 1 688 0
1 558 1 490 0
1 491 1 282 0
1 593 1 492 0
1 493 1 478 0
1 494 1 981 0
1 312 1 495 0
1 496 1 534 0
1 147 1 497 0
1 473 1 498 0
1 499 1 468 0
1 40 1 500 0
1 512 1 501 0
1 454 1 502 0
1 25 1 503 0
1 504 1 35 0
1 343 1 505 0
1 506 1 807 0
1 1176 1 507 0
1 508 1 345 0
1 509 1 834 0
1 510 1 1137 0
1 511 1 329 0
1 512 1 750 0
1 845 1 513 0
1 8 1 514 0
1 515 1 854 0
1 516 1 71 0
1 517 1 851 0
1 518 1 873 0
1 519 1 698 0
1 663 1 520 0
1 259 1 521 0
1 844 1 522 0
1 399 1 523 0
1 300 1 524 0
1 276 1 525 0
1 988 1 526 0
1 924 1 527 0
1 365 1 528 0
1 529 1 1150 0
1 530 1 425 0
1 531 1 928 0
1 532 1 625 0
1 21 1 533 0
1 955 1 534 0
1 535 1 844 0
1 536 1 148 0
1 537 1 926 0
1 538 1 232 0
1 539 1 243 0
1 1037 1 540 0
1 1235 1 541 0
1 720 1 542 0
1 558 1 543 0
1 544 1 1172 0
1 545 1 840 0
1 546 1 807 0
1 765 1 547 0
1 153 1 548 0
1 549 1 509 0
1 172 1 550 0
1 848 1 551 0
1 552 1 90 0
1 687 1 553 0
1 1156 1 554 0
1 555 1 86 0
1 556 1 152 0
1 1103 1 557 0
1 558 1 463 0
1 559 1 1225 0
1 1153 1 560 0
1 561 1 934 0
1 583 1 562 0
1 669 1 563 0
1 564 1 451 0
1 565 1 1141 0
1 566 1 109 0
1 567 1 57 0
1 568 1 1127 0
1 569 1 860 0
1 1112 1 570 0
1 571 1 480 0
1 572 1 918 0
1 573 1 413 0
1 641 1 574 0
1 575 1 324 0
1 576 1 1061 0
1 577 1 989 0
1 642 1 578 0
1 1186 1 579 0
1 580 1 663 0
1 1060 1 581 0
1 582 1 1122 0
1 596 1 583 0
1 972 1 584 0
1 585 1 789 0
1 422 1 586 0
1 587 1 801 0
1 785 1 588 0
1 589 1 1134 0
1 828 1 590 0
1 241 1 591 0
1 592 1 3 0
1 593 1 1096 0
1 401 1 594 0
1 595 1 548 0
1 241 1 596 0
1 597 1 171 0
1 598 1 948 0
1 599 1 502 0
1 1123 1 600 0
1 601 1 634 0
1 602 1 787 0
1 1132 1 603 0
1 290 1 604 0
1 648 1 605 0
1 606 1 1295 0
1 513 1 607 0
1 1215 1 608 0
1 609 1 1225 0
1 610 1 304 0
1 895 1 611 0
1 612 1 548 0
1 1171 1 613 0
1 758 1 614 0
1 1257 1 615 0
1 248 1 616 0
1 617 1 239 0
1 618 1 1243 0
1 619 1 15 0
1 488 1 620 0
1 92 1 621 0
1 622 1 1253 0
1 605 1 623 0
1 624 1 763 0
1 625 1 128 0
1 806 1 626 0
1 627 1 644 0
1 78 1 628 0
1 629 1 254 0
1 988 1 630 0
1 130 1 631 0
1 632 1 27 0
1 1122 1 633 0
1 634 1 1150 0
1 635 1 902 0
1 636 1 935 0
1 637 1 777 0
1 638 1 184 0
1 639 1 1078 0
1 640 1 1081 0
1 534 1 641 0
1 642 1 456 0
1 643 1 615 0
1 644 1 201 0
1 645 1 974 0
1 1229 1 646 0
1 647 1 1034 0
1 751 1 648 0
1 665 1 649 0
1 650 1 1030 0
1 254 1 651 0
1 652 1 1050 0
1 884 1 653 0
1 937 1 654 0
1 655 1 21 0
1 656 1 403 0
1 657 1 1044 0
1 678 1 658 0
1 812 1 659 0
1 1300 1 660 0
1 661 1 1277 0
1 662 1 537 0
1 1281 1 663 0
1 133 1 664 0
1 1286 1 665 0
1 666 1 826 0
1 1103 1 667 0
1 1165 1 668 0
1 688 1 669 0
1 670 1 892 0
1 671 1 1193 0
1 672 1 77 0
1 968 1 673 0
1 385 1 674 0
1 675 1 978 0
1 676 1 927 0
1 677 1 517 0
1 678 1 715 0
1 679 1 107 0
1 680 1 900 0
1 1076 1 681 0
1 682 1 89 0
1 683 1 1086 0
1 1166 1 684 0
1 98 1 685 0
1 705 1 686 0
1 687 1 26 0
1 703 1 688 0
1 689 1 1159 0
1 560 1 690 0
1 691 1 655 0
1 543 1 692 0
1 693 1 220 0
1 694 1 539 0
1 1075 1 695 0
1 696 1 897 0
1 697 1 665 0
1 90 1 698 0
1 676 1 699 0
1 700 1 969 0
1 701 1 107 0
1 286 1 702 0
1 703 1 766 0
1 704 1 152 0
1 522 1 705 0
1 957 1 706 0
1 707 1 928 0
1 153 1 708 0
1 976 1 709 0
1 710 1 916 0
1 677 1 711 0
1 712 1 237 0
1 713 1 582 0
1 714 1 627 0
1 1144 1 715 0
1 716 1 861 0
1 717 1 99 0
1 718 1 800 0
1 270 1 719 0
1 720 1 1045 0
1 478 1 721 0
1 205 1 722 0
1 723 1 1050 0
1 724 1 975 0
1 12 1 725 0
1 726 1 231 0
1 337 1 727 0
1 654 1 728 0
1 729 1 254 0
1 694 1 730 0
1 218 1 731 0
1 732 1 1007 0
1 733 1 633 0
1 745 1 734 0
1 735 1 813 0
1 736 1 421 0
1 737 1 519 0
1 236 1 738 0
1 744 1 739 0
1 689 1 740 0
1 439 1 741 0
1 66 1 742 0
1 743 1 511 0
1 848 1 744 0
1 697 1 745 0
1 68 1 746 0
1 747 1 597 0
1 724 1 748 0
1 536 1 749 0
1 750 1 810 0
1 204 1 751 0
1 752 1 895 0
1 753 1 1266 0
1 1008 1 754 0
1 743 1 755 0
1 756 1 1063 0
1 1185 1 757 0
1 758 1 359 0
1 759 1 949 0
1 760 1 141 0
1 504 1 761 0
1 762 1 356 0
1 763 1 121 0
1 52 1 764 0
1 378 1 765 0
1 766 1 493 0
1 994 1 767 0
1 494 1 768 0
1 1006 1 769 0
1 770 1 1213 0
1 328 1 771 0
1 772 1 850 0
1 773 1 100 0
1 211 1 774 0
1 775 1 1164 0
1 776 1 807 0
1 777 1 987 0
1 254 1 778 0
1 1079 1 779 0
1 818 1 780 0
1 781 1 364 0
1 239 1 782 0
1 783 1 338 0
1 784 1 45 0
1 1212 1 785 0
1 786 1 174 0
1 787 1 693 0
1 788 1 509 0
1 209 1 789 0
1 790 1 674 0
1 1023 1 791 0
1 454 1 792 0
1 1010 1 793 0
1 794 1 535 0
1 974 1 795 0
1 796 1 1207 0
1 797 1 849 0
1 1167 1 798 0
1 799 1 690 0
1 402 1 800 0
1 641 1 801 0
1 96 1 802 0
1 803 1 424 0
1 470 1 804 0
1 805 1 321 0
1 284 1 806 0
1 1221 1 807 0
1 643 1 808 0
1 809 1 884 0
1 1288 1 810 0
1 700 1 811 0
1 812 1 222 0
1 813 1 771 0
1 308 1 814 0
1 815 1 710 0
1 816 1 1080 0
1 817 1 214 0
1 818 1 1017 0
1 819 1 1087 0
1 820 1 95 0
1 1247 1 821 0
1 822 1 462 0
1 653 1 823 0
1 824 1 156 0
1 882 1 825 0
1 995 1 826 0
1 827 1 1003 0
1 828 1 32 0
1 829 1 592 0
1 830 1 933 0
1 831 1 187 0
1 754 1 832 0
1 143 1 833 0
1 834 1 1159 0
1 835 1 331 0
1 1271 1 836 0
1 939 1 837 0
1 838 1 1205 0
1 103 1 839 0
1 304 1 840 0
1 841 1 551 0
1 842 1 248 0
1 190 1 843 0
1 993 1 844 0
1 38 1 845 0
1 846 1 953 0
1 934 1 847 0
1 848 1 352 0
1 23 1 849 0
1 850 1 1203 0
1 236 1 851 0
1 1018 1 852 0
1 853 1 1089 0
1 854 1 810 0
1 855 1 766 0
1 627 1 856 0
1 516 1 857 0
1 432 1 858 0
1 1082 1 859 0
1 860 1 573 0
1 538 1 861 0
1 862 1 1212 0
1 57 1 863 0
1 1103 1 864 0
1 85 1 865 0
1 110 1 866 0
1 803 1 867 0
1 868 1 95 0
1 869 1 801 0
1 870 1 79 0
1 871 1 469 0
1 872 1 584 0
1 210 1 873 0
1 874 1 1101 0
1 875 1 1053 0
1 876 1 1268 0
1 877 1 242 0
1 642 1 878 0
1 973 1 879 0
1 619 1 880 0
1 1025 1 881 0
1 882 1 170 0
1 1056 1 883 0
1 98 1 884 0
1 968 1 885 0
1 84 1 886 0
1 887 1 302 0
1 1255 1 888 0
1 427 1 889 0
1 890 1 1046 0
1 891 1 29 0
1 38 1 892 0
1 604 1 893 0
1 894 1 32 0
1 1028 1 895 0
1 1180 1 896 0
1 697 1 897 0
1 1011 1 898 0
1 1088 1 899 0
1 900 1 1240 0
1 901 1 283 0
1 871 1 902 0
1 903 1 196 0
1 493 1 904 0
1 905 1 52 0
1 1044 1 906 0
1 907 1 516 0
1 908 1 1049 0
1 414 1 909 0
1 910 1 926 0
1 1058 1 911 0
1 912 1 741 0
1 913 1 294 0
1 914 1 977 0
1 915 1 840 0
1 916 1 591 0
1 1239 1 917 0
1 918 1 1154 0
1 919 1 239 0
1 920 1 1203 0
1 921 1 1024 0
1 922 1 257 0
1 923 1 107 0
1 924 1 198 0
1 925 1 123 0
1 926 1 720 0
1 626 1 927 0
1 982 1 928 0
1 1029 1 929 0
1 930 1 493 0
1 931 1 785 0
1 932 1 1162 0
1 933 1 725 0
1 934 1 196 0
1 294 1 935 0
1 936 1 1171 0
1 937 1 270 0
1 224 1 938 0
1 939 1 18 0
1 115 1 940 0
1 941 1 361 0
1 942 1 1264 0
1 331 1 943 0
1 950 1 944 0
1 874 1 945 0
1 946 1 826 0
1 947 1 238 0
1 948 1 112 0
1 42 1 949 0
1 1102 1 950 0
1 717 1 951 0
1 247 1 952 0
1 953 1 29 0
1 979 1 954 0
1 294 1 955 0
1 956 1 671 0
1 1215 1 957 0
1 958 1 1223 0
1 959 1 1280 0
1 1138 1 960 0
1 103 1 961 0
1 499 1 962 0
1 1283 1 963 0
1 964 1 218 0
1 926 1 965 0
1 966 1 182 0
1 1048 1 967 0
1 573 1 968 0
1 710 1 969 0
1 970 1 1271 0
1 971 1 888 0
1 972 1 361 0
1 562 1 973 0
1 27 1 974 0
1 975 1 1209 0
1 976 1 765 0
1 977 1 585 0
1 978 1 1275 0
1 979 1 383 0
1 62 1 980 0
1 874 1 981 0
1 1082 1 982 0
1 983 1 76 0
1 984 1 477 0
1 200 1 985 0
1 986 1 972 0
1 987 1 798 0
1 988 1 772 0
1 545 1 989 0
1 990 1 224 0
1 836 1 991 0
1 798 1 992 0
1 672 1 993 0
1 994 1 314 0
1 995 1 204 0
1 87 1 996 0
1 997 1 340 0
1 998 1 308 0
1 634 1 999 0
1 985 1 1000 0
1 1001 1 895 0
1 380 1 1002 0
1 1003 1 446 0
1 616 1 1004 0
1 1107 1 1005 0
1 600 1 1006 0
1 1007 1 522 0
1 789 1 1008 0
1 1048 1 1009 0
1 867 1 1010 0
1 1011 1 304 0
1 1012 1 108 0
1 1190 1 1013 0
1 334 1 1014 0
1 312 1 1015 0
1 2 1 1016 0
1 753 1 1017 0
1 1018 1 720 0
1 570 1 1019 0
1 1020 1 403 0
1 795 1 1021 0
1 1022 1 1297 0
1 1023 1 946 0
1 510 1 1024 0
1 554 1 1025 0
1 642 1 1026 0
1 504 1 1027 0
1 115 1 1028 0
1 1029 1 893 0
1 579 1 1030 0
1 987 1 1031 0
1 221 1 1032 0
1 195 1 1033 0
1 1034 1 1200 0
1 1035 1 53 0
1 1036 1 786 0
1 644 1 1037 0
1 891 1 1038 0
1 1110 1 1039 0
1 186 1 1040 0
1 1041 1 413 0
1 609 1 1042 0
1 1043 1 833 0
1 1044 1 320 0
1 1072 1 1045 0
1 1046 1 586 0
1 348 1 1047 0
1 1048 1 32 0
1 1049 1 722 0
1 1281 1 1050 0
1 616 1 1051 0
1 675 1 1052 0
1 920 1 1053 0
1 1054 1 75 0
1 646 1 1055 0
1 1056 1 1088 0
1 643 1 1057 0
1 1058 1 243 0
1 34 1 1059 0
1 952 1 1060 0
1 1061 1 338 0
1 1062 1 779 0
1 1157 1 1063 0
1 892 1 1064 0
1 1059 1 1065 0
1 1066 1 570 0
1 657 1 1067 0
1 27 1 1068 0
1 1149 1 1069 0
1 1070 1 108 0
1 1071 1 1280 0
1 1072 1 180 0
1 1178 1 1073 0
1 599 1 1074 0
1 200 1 1075 0
1 378 1 1076 0
1 1077 1 1148 0
1 1078 1 651 0
1 185 1 1079 0
1 1080 1 544 0
1 1081 1 986 0
1 1082 1 182 0
1 277 1 1083 0
1 273 1 1084 0
1 962 1 1085 0
1 408 1 1086 0
1 836 1 1087 0
1 1088 1 176 0
1 635 1 1089 0
1 1090 1 356 0
1 1091 1 363 0
1 1092 1 664 0
1 1093 1 236 0
1 275 1 1094 0
1 1095 1 710 0
1 1082 1 1096 0
1 1097 1 1047 0
1 1098 1 163 0
1 1099 1 1244 0
1 350 1 1100 0
1 1242 1 1101 0
1 211 1 1102 0
1 1103 1 1222 0
1 457 1 1104 0
1 1105 1 1194 0
1 1106 1 883 0
1 1107 1 43 0
1 1164 1 1108 0
1 249 1 1109 0
1 852 1 1110 0
1 1111 1 758 0
1 1106 1 1112 0
1 1113 1 126 0
1 1114 1 326 0
1 1115 1 108 0
1 701 1 1116 0
1 1117 1 1183 0
1 1222 1 1118 0
1 909 1 1119 0
1 785 1 1120 0
1 1121 1 416 0
1 423 1 1122 0
1 1123 1 115 0
1 1124 1 482 0
1 1125 1 82 0
1 178 1 1126 0
1 825 1 1127 0
1 1128 1 1242 0
1 1129 1 983 0
1 273 1 1130 0
1 1131 1 679 0
1 703 1 1132 0
1 994 1 1133 0
1 247 1 1134 0
1 1292 1 1135 0
1 564 1 1136 0
1 1271 1 1137 0
1 675 1 1138 0
1 1139 1 891 0
1 384 1 1140 0
1 58 1 1141 0
1 1292 1 1142 0
1 1053 1 1143 0
1 1144 1 506 0
1 1053 1 1145 0
1 1146 1 681 0
1 1147 1 713 0
1 170 1 1148 0
1 957 1 1149 0
1 1150 1 1256 0
1 368 1 1151 0
1 603 1 1152 0
1 1128 1 1153 0
1 1154 1 1126 0
1 1155 1 882 0
1 1171 1 1156 0
1 1157 1 509 0
1 1158 1 751 0
1 1159 1 406 0
1 1160 1 867 0
1 1033 1 1161 0
1 1162 1 601 0
1 1163 1 456 0
1 996 1 1164 0
1 1165 1 1006 0
1 1166 1 1104 0
1 1167 1 110 0
1 1168 1 141 0
1 1274 1 1169 0
1 1170 1 43 0
1 841 1 1171 0
1 420 1 1172 0
1 1173 1 361 0
1 1174 1 1263 0
1 797 1 1175 0
1 1097 1 1176 0
1 639 1 1177 0
1 831 1 1178 0
1 1179 1 855 0
1 864 1 1180 0
1 1288 1 1181 0
1 394 1 1182 0
1 1183 1 487 0
1 683 1 1184 0
1 926 1 1185 0
1 1186 1 284 0
1 1187 1 201 0
1 1282 1 1188 0
1 1172 1 1189 0
1 1190 1 711 0
1 213 1 1191 0
1 1192 1 1061 0
1 1193 1 704 0
1 1194 1 13 0
1 1197 1 1195 0
1 1007 1 1196 0
1 1197 1 1219 0
1 1198 1 1172 0
1 1199 1 431 0
1 460 1 1200 0
1 1201 1 81 0
1 1246 1 1202 0
1 1291 1 1203 0
1 1204 1 232 0
1 1205 1 1206 0
1 984 1 1206 0
1 1207 1 976 0
1 1208 1 747 0
1 321 1 1209 0
1 1210 1 335 0
1 185 1 1211 0
1 61 1 1212 0
1 1213 1 976 0
1 1214 1 1086 0
1 1215 1 1049 0
1 1173 1 1216 0
1 398 1 1217 0
1 1095 1 1218 0
1 1263 1 1219 0
1 894 1 1220 0
1 337 1 1221 0
1 1222 1 519 0
1 1223 1 1281 0
1 1224 1 429 0
1 24 1 1225 0
1 1226 1 206 0
1 732 1 1227 0
1 1228 1 415 0
1 932 1 1229 0
1 1230 1 1080 0
1 1231 1 192 0
1 390 1 1232 0
1 1233 1 1072 0
1 582 1 1234 0
1 545 1 1235 0
1 1017 1 1236 0
1 1265 1 1237 0
1 1238 1 1052 0
1 590 1 1239 0
1 1240 1 28 0
1 1241 1 498 0
1 778 1 1242 0
1 236 1 1243 0
1 589 1 1244 0
1 1245 1 1240 0
1 675 1 1246 0
1 80 1 1247 0
1 864 1 1248 0
1 941 1 1249 0
1 595 1 1250 0
1 1249 1 1251 0
1 1252 1 541 0
1 1253 1 438 0
1 1254 1 633 0
1 535 1 1255 0
1 1007 1 1256 0
1 1257 1 803 0
1 554 1 1258 0
1 1259 1 653 0
1 1260 1 1284 0
1 1261 1 1084 0
1 441 1 1262 0
1 1263 1 158 0
1 1264 1 71 0
1 1265 1 1216 0
1 654 1 1266 0
1 703 1 1267 0
1 1268 1 1105 0
1 1296 1 1269 0
1 1270 1 1226 0
1 703 1 1271 0
1 583 1 1272 0
1 1273 1 347 0
1 1274 1 139 0
1 475 1 1275 0
1 547 1 1276 0
1 118 1 1277 0
1 1278 1 571 0
1 549 1 1279 0
1 759 1 1280 0
1 1281 1 835 0
1 429 1 1282 0
1 505 1 1283 0
1 771 1 1284 0
1 1101 1 1285 0
1 1286 1 374 0
1 1287 1 664 0
1 792 1 1288 0
1 256 1 1289 0
1 1290 1 1085 0
1 1195 1 1291 0
1 1292 1 897 0
1 1295 1 1293 0
1 1294 1 1003 0
1 1295 1 262 0
1 679 1 1296 0
1 1168 1 1297 0
1 1298 1 553 0
1 1299 1 468 0
1 504 1 1300 0
