1200 1200
1 1 1 93 0
1 1141 1 2 0
1 1131 1 3 0
1 4 1 15 0
1 5 1 746 0
1 992 1 6 0
1 7 1 52 0
1 797 1 8 0
1 9 1 58 0
1 10 1 1039 0
1 11 1 1018 0
1 12 1 1144 0
1 1145 1 13 0
1 244 1 14 0
1 15 1 707 0
1 253 1 16 0
1 1124 1 17 0
1 18 1 997 0
1 289 1 19 0
1 20 1 744 0
1 21 1 525 0
1 362 1 22 0
1 805 1 23 0
1 24 1 501 0
1 764 1 25 0
1 26 1 360 0
1 125 1 27 0
1 28 1 101 0
1 56 1 29 0
1 608 1 30 0
1 31 1 943 0
1 32 1 529 0
1 33 1 32 0
1 34 1 1015 0
1 35 1 1057 0
1 839 1 36 0
1 37 1 707 0
1 38 1 209 0
1 836 1 39 0
1 40 1 129 0
1 41 1 146 0
1 42 1 1129 0
1 43 1 698 0
1 44 1 112 0
1 1196 1 45 0
1 774 1 46 0
1 414 1 47 0
1 48 1 858 0
1 140 1 49 0
1 991 1 50 0
1 442 1 51 0
1 52 1 650 0
1 53 1 627 0
1 403 1 54 0
1 55 1 86 0
1 56 1 785 0
1 57 1 79 0
1 945 1 58 0
1 59 1 705 0
1 368 1 60 0
1 676 1 61 0
1 62 1 804 0
1 63 1 792 0
1 430 1 64 0
1 65 1 499 0
1 66 1 592 0
1 60 1 67 0
1 854 1 68 0
1 69 1 497 0
1 1040 1 70 0
1 71 1 1118 0
1 72 1 727 0
1 73 1 798 0
1 1167 1 74 0
1 75 1 509 0
1 934 1 76 0
1 77 1 529 0
1 1041 1 78 0
1 79 1 527 0
1 700 1 80 0
1 81 1 685 0
1 66 1 82 0
1 294 1 83 0
1 996 1 84 0
1 85 1 35 0
1 86 1 512 0
1 87 1 711 0
1 88 1 35 0
1 89 1 619 0
1 848 1 90 0
1 1095 1 91 0
1 92 1 287 0
1 93 1 672 0
1 601 1 94 0
1 1038 1 95 0
1 96 1 358 0
1 97 1 901 0
1 372 1 98 0
1 641 1 99 0
1 986 1 100 0
1 869 1 101 0
1 694 1 102 0
1 103 1 351 0
1 104 1 241 0
1 872 1 105 0
1 106 1 1053 0
1 778 1 107 0
1 108 1 923 0
1 789 1 109 0
1 110 1 761 0
1 111 1 575 0
1 112 1 209 0
1 638 1 113 0
1 114 1 58 0
1 115 1 704 0
1 106 1 116 0
1 908 1 117 0
1 920 1 118 0
1 119 1 378 0
1 470 1 120 0
1 291 1 121 0
1 122 1 1193 0
1 123 1 65 0
1 124 1 648 0
1 286 1 125 0
1 126 1 329 0
1 127 1 1025 0
1 128 1 736 0
1 129 1 954 0
1 130 1 237 0
1 826 1 131 0
1 461 1 132 0
1 133 1 494 0
1 134 1 192 0
1 130 1 135 0
1 136 1 16 0
1 24 1 137 0
1 138 1 734 0
1 139 1 843 0
1 140 1 527 0
1 508 1 141 0
1 142 1 613 0
1 1095 1 143 0
1 1008 1 144 0
1 145 1 1114 0
1 146 1 400 0
1 154 1 147 0
1 148 1 304 0
1 603 1 149 0
1 1133 1 150 0
1 151 1 678 0
1 1066 1 152 0
1 153 1 301 0
1 815 1 154 0
1 177 1 155 0
1 389 1 156 0
1 157 1 862 0
1 158 1 1176 0
1 159 1 893 0
1 774 1 160 0
1 1146 1 161 0
1 162 1 1130 0
1 163 1 877 0
1 164 1 891 0
1 416 1 165 0
1 166 1 642 0
1 659 1 167 0
1 168 1 103 0
1 169 1 1091 0
1 494 1 170 0
1 171 1 181 0
1 989 1 172 0
1 485 1 173 0
1 174 1 1105 0
1 175 1 877 0
1 176 1 158 0
1 1094 1 177 0
1 178 1 875 0
1 1131 1 179 0
1 180 1 650 0
1 181 1 487 0
1 182 1 56 0
1 1117 1 183 0
1 184 1 631 0
1 772 1 185 0
1 326 1 186 0
1 981 1 187 0
1 220 1 188 0
1 189 1 988 0
1 846 1 190 0
1 191 1 422 0
1 761 1 192 0
1 512 1 193 0
1 194 1 1145 0
1 139 1 195 0
1 734 1 196 0
1 402 1 197 0
1 63 1 198 0
1 186 1 199 0
1 200 1 34 0
1 963 1 201 0
1 202 1 342 0
1 819 1 203 0
1 228 1 204 0
1 205 1 437 0
1 98 1 206 0
1 207 1 135 0
1 208 1 1073 0
1 209 1 325 0
1 210 1 695 0
1 1134 1 211 0
1 212 1 371 0
1 213 1 1094 0
1 123 1 214 0
1 215 1 641 0
1 290 1 216 0
1 217 1 52 0
1 218 1 249 0
1 504 1 219 0
1 426 1 220 0
1 1025 1 221 0
1 1128 1 222 0
1 223 1 754 0
1 367 1 224 0
1 1047 1 225 0
1 226 1 683 0
1 119 1 227 0
1 228 1 388 0
1 229 1 924 0
1 306 1 230 0
1 231 1 1086 0
1 357 1 232 0
1 233 1 1064 0
1 728 1 234 0
1 618 1 235 0
1 236 1 249 0
1 220 1 237 0
1 445 1 238 0
1 239 1 780 0
1 686 1 240 0
1 723 1 241 0
1 896 1 242 0
1 243 1 909 0
1 244 1 614 0
1 638 1 245 0
1 885 1 246 0
1 247 1 286 0
1 958 1 248 0
1 249 1 603 0
1 250 1 68 0
1 216 1 251 0
1 252 1 202 0
1 659 1 253 0
1 254 1 934 0
1 171 1 255 0
1 256 1 867 0
1 257 1 1038 0
1 314 1 258 0
1 30 1 259 0
1 260 1 648 0
1 1048 1 261 0
1 515 1 262 0
1 720 1 263 0
1 264 1 1065 0
1 543 1 265 0
1 266 1 126 0
1 1055 1 267 0
1 268 1 1100 0
1 269 1 404 0
1 24 1 270 0
1 271 1 636 0
1 714 1 272 0
1 989 1 273 0
1 274 1 438 0
1 23 1 275 0
1 276 1 972 0
1 277 1 487 0
1 278 1 332 0
1 279 1 1140 0
1 280 1 364 0
1 944 1 281 0
1 282 1 210 0
1 1160 1 283 0
1 284 1 567 0
1 285 1 543 0
1 718 1 286 0
1 68 1 287 0
1 288 1 331 0
1 941 1 289 0
1 290 1 205 0
1 1186 1 291 0
1 292 1 632 0
1 301 1 293 0
1 379 1 294 0
1 295 1 801 0
1 296 1 955 0
1 297 1 271 0
1 1033 1 298 0
1 299 1 982 0
1 300 1 444 0
1 301 1 617 0
1 608 1 302 0
1 115 1 303 0
1 304 1 1138 0
1 433 1 305 0
1 203 1 306 0
1 307 1 679 0
1 350 1 308 0
1 309 1 602 0
1 1010 1 310 0
1 311 1 313 0
1 312 1 53 0
1 313 1 259 0
1 314 1 758 0
1 1120 1 315 0
1 1068 1 316 0
1 317 1 581 0
1 318 1 491 0
1 96 1 319 0
1 33 1 320 0
1 321 1 308 0
1 322 1 448 0
1 323 1 211 0
1 786 1 324 0
1 659 1 325 0
1 626 1 326 0
1 517 1 327 0
1 452 1 328 0
1 935 1 329 0
1 330 1 721 0
1 331 1 524 0
1 332 1 1153 0
1 183 1 333 0
1 212 1 334 0
1 335 1 199 0
1 336 1 321 0
1 337 1 1034 0
1 338 1 537 0
1 339 1 1129 0
1 340 1 721 0
1 27 1 341 0
1 342 1 809 0
1 343 1 196 0
1 1010 1 344 0
1 345 1 1094 0
1 346 1 216 0
1 347 1 964 0
1 717 1 348 0
1 1091 1 349 0
1 131 1 350 0
1 351 1 716 0
1 388 1 352 0
1 353 1 615 0
1 354 1 1112 0
1 855 1 355 0
1 356 1 19 0
1 567 1 357 0
1 358 1 748 0
1 359 1 328 0
1 248 1 360 0
1 361 1 419 0
1 362 1 248 0
1 571 1 363 0
1 773 1 364 0
1 365 1 603 0
1 533 1 366 0
1 367 1 15 0
1 368 1 89 0
1 369 1 26 0
1 370 1 471 0
1 371 1 645 0
1 380 1 372 0
1 373 1 658 0
1 41 1 374 0
1 15 1 375 0
1 883 1 376 0
1 908 1 377 0
1 378 1 592 0
1 1156 1 379 0
1 380 1 796 0
1 381 1 723 0
1 382 1 951 0
1 383 1 686 0
1 384 1 517 0
1 385 1 904 0
1 386 1 769 0
1 387 1 332 0
1 187 1 388 0
1 389 1 399 0
1 582 1 390 0
1 1156 1 391 0
1 613 1 392 0
1 1061 1 393 0
1 202 1 394 0
1 478 1 395 0
1 396 1 710 0
1 397 1 788 0
1 785 1 398 0
1 713 1 399 0
1 400 1 1103 0
1 401 1 951 0
1 704 1 402 0
1 403 1 773 0
1 940 1 404 0
1 340 1 405 0
1 406 1 124 0
1 407 1 1006 0
1 408 1 397 0
1 359 1 409 0
1 21 1 410 0
1 659 1 411 0
1 412 1 881 0
1 413 1 600 0
1 1175 1 414 0
1 415 1 466 0
1 881 1 416 0
1 417 1 283 0
1 418 1 1094 0
1 419 1 635 0
1 396 1 420 0
1 421 1 133 0
1 885 1 422 0
1 423 1 31 0
1 424 1 456 0
1 425 1 1170 0
1 426 1 451 0
1 427 1 737 0
1 185 1 428 0
1 435 1 429 0
1 755 1 430 0
1 431 1 626 0
1 806 1 432 0
1 433 1 967 0
1 434 1 477 0
1 435 1 1014 0
1 436 1 1009 0
1 90 1 437 0
1 438 1 866 0
1 439 1 374 0
1 440 1 337 0
1 468 1 441 0
1 343 1 442 0
1 443 1 433 0
1 444 1 1106 0
1 445 1 903 0
1 819 1 446 0
1 447 1 414 0
1 448 1 588 0
1 449 1 802 0
1 1194 1 450 0
1 451 1 291 0
1 138 1 452 0
1 453 1 195 0
1 454 1 174 0
1 575 1 455 0
1 770 1 456 0
1 457 1 755 0
1 645 1 458 0
1 459 1 610 0
1 460 1 973 0
1 231 1 461 0
1 462 1 380 0
1 463 1 1071 0
1 135 1 464 0
1 611 1 465 0
1 1097 1 466 0
1 467 1 212 0
1 468 1 406 0
1 497 1 469 0
1 470 1 166 0
1 501 1 471 0
1 268 1 472 0
1 892 1 473 0
1 474 1 373 0
1 475 1 1149 0
1 425 1 476 0
1 1181 1 477 0
1 646 1 478 0
1 336 1 479 0
1 480 1 570 0
1 381 1 481 0
1 482 1 1107 0
1 245 1 483 0
1 484 1 816 0
1 485 1 746 0
1 486 1 866 0
1 166 1 487 0
1 865 1 488 0
1 259 1 489 0
1 490 1 661 0
1 491 1 490 0
1 492 1 342 0
1 493 1 307 0
1 744 1 494 0
1 409 1 495 0
1 1083 1 496 0
1 497 1 1104 0
1 498 1 1108 0
1 499 1 218 0
1 500 1 743 0
1 501 1 725 0
1 502 1 292 0
1 503 1 308 0
1 482 1 504 0
1 116 1 505 0
1 730 1 506 0
1 111 1 507 0
1 569 1 508 0
1 815 1 509 0
1 390 1 510 0
1 511 1 407 0
1 512 1 347 0
1 28 1 513 0
1 660 1 514 0
1 515 1 854 0
1 681 1 516 0
1 1087 1 517 0
1 1180 1 518 0
1 519 1 81 0
1 520 1 233 0
1 521 1 250 0
1 522 1 104 0
1 285 1 523 0
1 39 1 524 0
1 89 1 525 0
1 420 1 526 0
1 527 1 854 0
1 528 1 29 0
1 529 1 442 0
1 530 1 832 0
1 531 1 112 0
1 532 1 441 0
1 533 1 872 0
1 534 1 424 0
1 535 1 618 0
1 536 1 459 0
1 537 1 8 0
1 593 1 538 0
1 539 1 990 0
1 540 1 840 0
1 541 1 486 0
1 789 1 542 0
1 203 1 543 0
1 459 1 544 0
1 545 1 647 0
1 1095 1 546 0
1 111 1 547 0
1 6 1 548 0
1 122 1 549 0
1 243 1 550 0
1 551 1 631 0
1 1101 1 552 0
1 553 1 1061 0
1 554 1 539 0
1 555 1 400 0
1 556 1 857 0
1 541 1 557 0
1 1140 1 558 0
1 401 1 559 0
1 560 1 917 0
1 10 1 561 0
1 108 1 562 0
1 563 1 435 0
1 564 1 567 0
1 565 1 114 0
1 566 1 179 0
1 567 1 1007 0
1 568 1 514 0
1 171 1 569 0
1 936 1 570 0
1 387 1 571 0
1 284 1 572 0
1 573 1 552 0
1 274 1 574 0
1 575 1 688 0
1 284 1 576 0
1 930 1 577 0
1 1196 1 578 0
1 579 1 864 0
1 580 1 517 0
1 168 1 581 0
1 681 1 582 0
1 583 1 625 0
1 584 1 143 0
1 585 1 610 0
1 608 1 586 0
1 248 1 587 0
1 588 1 401 0
1 589 1 219 0
1 590 1 1100 0
1 591 1 667 0
1 207 1 592 0
1 664 1 593 0
1 594 1 394 0
1 595 1 1014 0
1 596 1 390 0
1 1057 1 597 0
1 598 1 515 0
1 765 1 599 0
1 1073 1 600 0
1 601 1 447 0
1 163 1 602 0
1 603 1 187 0
1 604 1 965 0
1 183 1 605 0
1 559 1 606 0
1 607 1 632 0
1 608 1 1181 0
1 609 1 974 0
1 1104 1 610 0
1 73 1 611 0
1 612 1 955 0
1 449 1 613 0
1 880 1 614 0
1 99 1 615 0
1 616 1 370 0
1 617 1 900 0
1 523 1 618 0
1 715 1 619 0
1 620 1 1178 0
1 542 1 621 0
1 622 1 742 0
1 623 1 326 0
1 624 1 150 0
1 498 1 625 0
1 626 1 884 0
1 627 1 493 0
1 628 1 730 0
1 432 1 629 0
1 630 1 142 0
1 343 1 631 0
1 632 1 614 0
1 633 1 681 0
1 634 1 527 0
1 635 1 154 0
1 636 1 282 0
1 637 1 957 0
1 638 1 210 0
1 349 1 639 0
1 1188 1 640 0
1 641 1 1174 0
1 642 1 1198 0
1 1032 1 643 0
1 644 1 316 0
1 54 1 645 0
1 646 1 284 0
1 647 1 1057 0
1 615 1 648 0
1 264 1 649 0
1 650 1 289 0
1 10 1 651 0
1 1157 1 652 0
1 725 1 653 0
1 654 1 72 0
1 236 1 655 0
1 164 1 656 0
1 657 1 765 0
1 658 1 1147 0
1 990 1 659 0
1 1200 1 660 0
1 661 1 356 0
1 662 1 498 0
1 753 1 663 0
1 664 1 816 0
1 124 1 665 0
1 983 1 666 0
1 88 1 667 0
1 273 1 668 0
1 503 1 669 0
1 1166 1 670 0
1 671 1 395 0
1 672 1 78 0
1 673 1 1060 0
1 742 1 674 0
1 675 1 813 0
1 676 1 1145 0
1 442 1 677 0
1 678 1 712 0
1 679 1 983 0
1 680 1 610 0
1 193 1 681 0
1 1153 1 682 0
1 14 1 683 0
1 684 1 217 0
1 971 1 685 0
1 686 1 169 0
1 969 1 687 0
1 981 1 688 0
1 689 1 289 0
1 690 1 330 0
1 844 1 691 0
1 124 1 692 0
1 693 1 848 0
1 694 1 1161 0
1 544 1 695 0
1 696 1 17 0
1 567 1 697 0
1 784 1 698 0
1 699 1 909 0
1 700 1 1033 0
1 1137 1 701 0
1 702 1 72 0
1 703 1 20 0
1 433 1 704 0
1 299 1 705 0
1 706 1 127 0
1 707 1 849 0
1 708 1 225 0
1 102 1 709 0
1 710 1 939 0
1 711 1 632 0
1 712 1 35 0
1 713 1 1126 0
1 469 1 714 0
1 715 1 217 0
1 716 1 569 0
1 717 1 1173 0
1 718 1 842 0
1 669 1 719 0
1 489 1 720 0
1 49 1 721 0
1 1150 1 722 0
1 723 1 200 0
1 724 1 1116 0
1 44 1 725 0
1 893 1 726 0
1 727 1 115 0
1 222 1 728 0
1 360 1 729 0
1 730 1 288 0
1 37 1 731 0
1 732 1 163 0
1 1011 1 733 0
1 260 1 734 0
1 1028 1 735 0
1 736 1 691 0
1 737 1 1157 0
1 13 1 738 0
1 739 1 485 0
1 747 1 740 0
1 397 1 741 0
1 742 1 945 0
1 411 1 743 0
1 744 1 939 0
1 745 1 285 0
1 746 1 835 0
1 747 1 262 0
1 748 1 958 0
1 193 1 749 0
1 750 1 197 0
1 751 1 401 0
1 752 1 36 0
1 377 1 753 0
1 1151 1 754 0
1 609 1 755 0
1 756 1 20 0
1 817 1 757 0
1 88 1 758 0
1 759 1 74 0
1 760 1 522 0
1 761 1 54 0
1 602 1 762 0
1 238 1 763 0
1 798 1 764 0
1 928 1 765 0
1 591 1 766 0
1 102 1 767 0
1 245 1 768 0
1 399 1 769 0
1 770 1 407 0
1 771 1 309 0
1 772 1 1138 0
1 773 1 284 0
1 780 1 774 0
1 775 1 625 0
1 388 1 776 0
1 777 1 417 0
1 778 1 140 0
1 178 1 779 0
1 968 1 780 0
1 660 1 781 0
1 782 1 1193 0
1 783 1 164 0
1 784 1 255 0
1 91 1 785 0
1 63 1 786 0
1 787 1 135 0
1 825 1 788 0
1 740 1 789 0
1 31 1 790 0
1 791 1 111 0
1 792 1 728 0
1 1141 1 793 0
1 794 1 1182 0
1 795 1 769 0
1 784 1 796 0
1 797 1 262 0
1 798 1 1035 0
1 964 1 799 0
1 964 1 800 0
1 801 1 1127 0
1 449 1 802 0
1 682 1 803 0
1 804 1 548 0
1 478 1 805 0
1 806 1 700 0
1 807 1 760 0
1 808 1 503 0
1 481 1 809 0
1 810 1 626 0
1 811 1 1178 0
1 812 1 837 0
1 443 1 813 0
1 498 1 814 0
1 350 1 815 0
1 961 1 816 0
1 532 1 817 0
1 1062 1 818 0
1 309 1 819 0
1 387 1 820 0
1 1145 1 821 0
1 822 1 414 0
1 264 1 823 0
1 658 1 824 0
1 825 1 695 0
1 1024 1 826 0
1 192 1 827 0
1 1138 1 828 0
1 829 1 1074 0
1 830 1 502 0
1 831 1 14 0
1 832 1 136 0
1 301 1 833 0
1 834 1 322 0
1 591 1 835 0
1 836 1 467 0
1 811 1 837 0
1 838 1 25 0
1 839 1 188 0
1 840 1 467 0
1 841 1 392 0
1 217 1 842 0
1 843 1 24 0
1 844 1 283 0
1 698 1 845 0
1 826 1 846 0
1 609 1 847 0
1 848 1 16 0
1 849 1 267 0
1 850 1 932 0
1 299 1 851 0
1 188 1 852 0
1 853 1 141 0
1 854 1 204 0
1 490 1 855 0
1 164 1 856 0
1 857 1 339 0
1 557 1 858 0
1 773 1 859 0
1 860 1 686 0
1 1113 1 861 0
1 862 1 1172 0
1 863 1 929 0
1 864 1 1200 0
1 865 1 582 0
1 866 1 625 0
1 867 1 746 0
1 132 1 868 0
1 1090 1 869 0
1 219 1 870 0
1 871 1 898 0
1 872 1 354 0
1 873 1 509 0
1 789 1 874 0
1 972 1 875 0
1 837 1 876 0
1 877 1 190 0
1 878 1 381 0
1 879 1 985 0
1 880 1 14 0
1 780 1 881 0
1 899 1 882 0
1 883 1 251 0
1 410 1 884 0
1 885 1 601 0
1 982 1 886 0
1 10 1 887 0
1 848 1 888 0
1 934 1 889 0
1 460 1 890 0
1 371 1 891 0
1 892 1 94 0
1 886 1 893 0
1 1100 1 894 0
1 361 1 895 0
1 710 1 896 0
1 135 1 897 0
1 898 1 1152 0
1 899 1 986 0
1 970 1 900 0
1 901 1 1122 0
1 654 1 902 0
1 445 1 903 0
1 619 1 904 0
1 905 1 420 0
1 985 1 906 0
1 66 1 907 0
1 908 1 123 0
1 1053 1 909 0
1 717 1 910 0
1 911 1 603 0
1 435 1 912 0
1 995 1 913 0
1 98 1 914 0
1 915 1 522 0
1 14 1 916 0
1 917 1 909 0
1 18 1 918 0
1 899 1 919 0
1 131 1 920 0
1 921 1 897 0
1 642 1 922 0
1 923 1 1058 0
1 246 1 924 0
1 39 1 925 0
1 470 1 926 0
1 927 1 114 0
1 928 1 959 0
1 929 1 208 0
1 930 1 157 0
1 1025 1 931 0
1 932 1 587 0
1 933 1 1152 0
1 849 1 934 0
1 935 1 787 0
1 936 1 116 0
1 937 1 429 0
1 938 1 66 0
1 939 1 567 0
1 940 1 1090 0
1 941 1 139 0
1 854 1 942 0
1 943 1 543 0
1 473 1 944 0
1 454 1 945 0
1 946 1 541 0
1 947 1 781 0
1 126 1 948 0
1 1196 1 949 0
1 950 1 208 0
1 951 1 689 0
1 952 1 424 0
1 953 1 1141 0
1 954 1 975 0
1 714 1 955 0
1 884 1 956 0
1 957 1 165 0
1 958 1 787 0
1 959 1 389 0
1 753 1 960 0
1 961 1 588 0
1 779 1 962 0
1 654 1 963 0
1 964 1 533 0
1 965 1 425 0
1 966 1 329 0
1 967 1 769 0
1 513 1 968 0
1 969 1 46 0
1 73 1 970 0
1 971 1 684 0
1 972 1 800 0
1 973 1 1052 0
1 974 1 702 0
1 1044 1 975 0
1 266 1 976 0
1 977 1 896 0
1 978 1 80 0
1 979 1 1095 0
1 505 1 980 0
1 981 1 475 0
1 160 1 982 0
1 450 1 983 0
1 1007 1 984 0
1 927 1 985 0
1 281 1 986 0
1 987 1 916 0
1 1114 1 988 0
1 989 1 648 0
1 990 1 642 0
1 991 1 253 0
1 715 1 992 0
1 688 1 993 0
1 49 1 994 0
1 995 1 683 0
1 996 1 67 0
1 997 1 1153 0
1 998 1 301 0
1 120 1 999 0
1 1000 1 657 0
1 1001 1 334 0
1 940 1 1002 0
1 566 1 1003 0
1 1181 1 1004 0
1 1005 1 1164 0
1 1006 1 1070 0
1 689 1 1007 0
1 309 1 1008 0
1 1039 1 1009 0
1 991 1 1010 0
1 1011 1 1084 0
1 1012 1 742 0
1 1191 1 1013 0
1 1014 1 328 0
1 543 1 1015 0
1 806 1 1016 0
1 291 1 1017 0
1 85 1 1018 0
1 721 1 1019 0
1 1020 1 533 0
1 1021 1 1023 0
1 1022 1 519 0
1 1023 1 86 0
1 1024 1 1039 0
1 504 1 1025 0
1 1031 1 1026 0
1 1027 1 37 0
1 1028 1 1004 0
1 352 1 1029 0
1 1030 1 621 0
1 616 1 1031 0
1 89 1 1032 0
1 1033 1 1001 0
1 390 1 1034 0
1 962 1 1035 0
1 1036 1 570 0
1 40 1 1037 0
1 1038 1 513 0
1 444 1 1039 0
1 1053 1 1040 0
1 811 1 1041 0
1 1042 1 652 0
1 497 1 1043 0
1 1044 1 534 0
1 513 1 1045 0
1 1046 1 1055 0
1 13 1 1047 0
1 1048 1 597 0
1 161 1 1049 0
1 243 1 1050 0
1 845 1 1051 0
1 1052 1 311 0
1 603 1 1053 0
1 476 1 1054 0
1 956 1 1055 0
1 958 1 1056 0
1 513 1 1057 0
1 1058 1 1182 0
1 935 1 1059 0
1 669 1 1060 0
1 369 1 1061 0
1 1062 1 1063 0
1 1063 1 314 0
1 1064 1 960 0
1 1065 1 30 0
1 615 1 1066 0
1 1067 1 708 0
1 1068 1 278 0
1 1069 1 913 0
1 480 1 1070 0
1 999 1 1071 0
1 669 1 1072 0
1 1154 1 1073 0
1 625 1 1074 0
1 1075 1 993 0
1 105 1 1076 0
1 327 1 1077 0
1 478 1 1078 0
1 1079 1 932 0
1 1080 1 487 0
1 796 1 1081 0
1 1082 1 324 0
1 1083 1 1087 0
1 1084 1 391 0
1 1085 1 375 0
1 707 1 1086 0
1 1087 1 1093 0
1 650 1 1088 0
1 22 1 1089 0
1 1090 1 1174 0
1 141 1 1091 0
1 321 1 1092 0
1 742 1 1093 0
1 1094 1 263 0
1 1095 1 372 0
1 1096 1 1158 0
1 678 1 1097 0
1 890 1 1098 0
1 502 1 1099 0
1 1100 1 1183 0
1 1101 1 707 0
1 1102 1 505 0
1 1103 1 257 0
1 541 1 1104 0
1 423 1 1105 0
1 942 1 1106 0
1 1107 1 919 0
1 1108 1 563 0
1 385 1 1109 0
1 1110 1 488 0
1 984 1 1111 0
1 641 1 1112 0
1 177 1 1113 0
1 758 1 1114 0
1 719 1 1115 0
1 1005 1 1116 0
1 509 1 1117 0
1 21 1 1118 0
1 996 1 1119 0
1 1120 1 525 0
1 1121 1 87 0
1 1122 1 671 0
1 891 1 1123 0
1 514 1 1124 0
1 1125 1 2 0
1 201 1 1126 0
1 464 1 1127 0
1 1128 1 316 0
1 148 1 1129 0
1 938 1 1130 0
1 461 1 1131 0
1 1190 1 1132 0
1 1133 1 176 0
1 419 1 1134 0
1 847 1 1135 0
1 1136 1 606 0
1 520 1 1137 0
1 528 1 1138 0
1 144 1 1139 0
1 1140 1 261 0
1 1141 1 60 0
1 646 1 1142 0
1 925 1 1143 0
1 941 1 1144 0
1 1145 1 95 0
1 1155 1 1146 0
1 391 1 1147 0
1 1148 1 640 0
1 1149 1 315 0
1 1150 1 1099 0
1 1151 1 52 0
1 1152 1 731 0
1 1153 1 243 0
1 1154 1 782 0
1 1020 1 1155 0
1 834 1 1156 0
1 60 1 1157 0
1 1158 1 487 0
1 975 1 1159 0
1 837 1 1160 0
1 1161 1 1101 0
1 691 1 1162 0
1 1163 1 864 0
1 1164 1 362 0
1 737 1 1165 0
1 1166 1 966 0
1 1167 1 171 0
1 914 1 1168 0
1 806 1 1169 0
1 1170 1 187 0
1 966 1 1171 0
1 421 1 1172 0
1 1173 1 1036 0
1 1047 1 1174 0
1 411 1 1175 0
1 1176 1 549 0
1 1177 1 657 0
1 944 1 1178 0
1 1179 1 759 0
1 1180 1 803 0
1 739 1 1181 0
1 1182 1 974 0
1 68 1 1183 0
1 172 1 1184 0
1 572 1 1185 0
1 1186 1 270 0
1 717 1 1187 0
1 1188 1 972 0
1 58 1 1189 0
1 662 1 1190 0
1 522 1 1191 0
1 1192 1 831 0
1 644 1 1193 0
1 1194 1 67 0
1 1195 1 971 0
1 1196 1 1092 0
1 1072 1 1197 0
1 1198 1 788 0
1 1199 1 808 0
1 660 1 1200 0
