300 300
1 107 1 1 0
1 80 1 2 0
1 66 1 3 0
1 4 1 53 0
1 5 1 267 0
1 160 1 6 0
1 256 1 7 0
1 153 1 8 0
1 48 1 9 0
1 27 1 10 0
1 11 1 2 0
1 12 1 97 0
1 13 1 152 0
1 67 1 14 0
1 141 1 15 0
1 25 1 16 0
1 28 1 17 0
1 115 1 18 0
1 19 1 10 0
1 20 1 255 0
1 122 1 21 0
1 22 1 78 0
1 23 1 208 0
1 121 1 24 0
1 25 1 210 0
1 26 1 153 0
1 27 1 195 0
1 28 1 84 0
1 29 1 233 0
1 30 1 156 0
1 31 1 175 0
1 180 1 32 0
1 33 1 83 0
1 34 1 4 0
1 199 1 35 0
1 50 1 36 0
1 37 1 44 0
1 221 1 38 0
1 226 1 39 0
1 40 1 297 0
1 41 1 275 0
1 277 1 42 0
1 257 1 43 0
1 50 1 44 0
1 45 1 154 0
1 166 1 46 0
1 47 1 63 0
1 48 1 49 0
1 49 1 205 0
1 50 1 92 0
1 51 1 149 0
1 52 1 145 0
1 53 1 96 0
1 109 1 54 0
1 249 1 55 0
1 56 1 27 0
1 57 1 295 0
1 80 1 58 0
1 59 1 97 0
1 60 1 166 0
1 147 1 61 0
1 62 1 228 0
1 30 1 63 0
1 290 1 64 0
1 83 1 65 0
1 68 1 66 0
1 67 1 136 0
1 68 1 38 0
1 69 1 270 0
1 70 1 95 0
1 71 1 268 0
1 72 1 145 0
1 269 1 73 0
1 74 1 151 0
1 75 1 146 0
1 76 1 88 0
1 95 1 77 0
1 1 1 78 0
1 79 1 198 0
1 109 1 80 0
1 81 1 87 0
1 82 1 282 0
1 83 1 162 0
1 84 1 202 0
1 51 1 85 0
1 127 1 86 0
1 87 1 57 0
1 227 1 88 0
1 64 1 89 0
1 90 1 38 0
1 91 1 221 0
1 92 1 23 0
1 93 1 182 0
1 95 1 94 0
1 101 1 95 0
1 96 1 158 0
1 97 1 3 0
1 98 1 193 0
1 290 1 99 0
1 100 1 217 0
1 212 1 101 0
1 169 1 102 0
1 103 1 156 0
1 219 1 104 0
1 105 1 228 0
1 67 1 106 0
1 188 1 107 0
1 108 1 293 0
1 109 1 277 0
1 110 1 202 0
1 111 1 154 0
1 98 1 112 0
1 146 1 113 0
1 114 1 260 0
1 115 1 48 0
1 116 1 131 0
1 117 1 167 0
1 118 1 86 0
1 197 1 119 0
1 171 1 120 0
1 121 1 268 0
1 139 1 122 0
1 123 1 91 0
1 124 1 104 0
1 125 1 94 0
1 251 1 126 0
1 81 1 127 0
1 128 1 52 0
1 129 1 38 0
1 295 1 130 0
1 289 1 131 0
1 132 1 145 0
1 46 1 133 0
1 291 1 134 0
1 135 1 278 0
1 136 1 121 0
1 39 1 137 0
1 138 1 82 0
1 257 1 139 0
1 140 1 151 0
1 21 1 141 0
1 264 1 142 0
1 143 1 96 0
1 177 1 144 0
1 145 1 265 0
1 266 1 146 0
1 147 1 148 0
1 148 1 73 0
1 112 1 149 0
1 150 1 46 0
1 151 1 293 0
1 280 1 152 0
1 153 1 299 0
1 38 1 154 0
1 155 1 174 0
1 156 1 196 0
1 157 1 41 0
1 76 1 158 0
1 159 1 271 0
1 134 1 160 0
1 13 1 161 0
1 162 1 164 0
1 134 1 163 0
1 164 1 135 0
1 11 1 165 0
1 166 1 145 0
1 135 1 167 0
1 83 1 168 0
1 40 1 169 0
1 170 1 150 0
1 171 1 256 0
1 172 1 91 0
1 98 1 173 0
1 258 1 174 0
1 229 1 175 0
1 20 1 176 0
1 258 1 177 0
1 178 1 149 0
1 7 1 179 0
1 180 1 174 0
1 200 1 181 0
1 182 1 227 0
1 257 1 183 0
1 184 1 59 0
1 15 1 185 0
1 186 1 68 0
1 57 1 187 0
1 188 1 286 0
1 189 1 228 0
1 168 1 190 0
1 191 1 246 0
1 192 1 291 0
1 193 1 73 0
1 234 1 194 0
1 116 1 195 0
1 76 1 196 0
1 197 1 133 0
1 198 1 29 0
1 66 1 199 0
1 200 1 50 0
1 100 1 201 0
1 126 1 202 0
1 203 1 244 0
1 204 1 8 0
1 21 1 205 0
1 263 1 206 0
1 73 1 207 0
1 207 1 208 0
1 209 1 252 0
1 250 1 210 0
1 219 1 211 0
1 212 1 124 0
1 188 1 213 0
1 250 1 214 0
1 215 1 224 0
1 297 1 216 0
1 11 1 217 0
1 218 1 166 0
1 219 1 146 0
1 220 1 34 0
1 221 1 29 0
1 208 1 222 0
1 51 1 223 0
1 224 1 187 0
1 166 1 225 0
1 22 1 226 0
1 13 1 227 0
1 228 1 213 0
1 229 1 184 0
1 230 1 143 0
1 138 1 231 0
1 118 1 232 0
1 44 1 233 0
1 234 1 119 0
1 24 1 235 0
1 168 1 236 0
1 237 1 23 0
1 127 1 238 0
1 150 1 239 0
1 38 1 240 0
1 60 1 241 0
1 242 1 137 0
1 243 1 105 0
1 244 1 76 0
1 278 1 245 0
1 222 1 246 0
1 268 1 247 0
1 282 1 248 0
1 249 1 124 0
1 77 1 250 0
1 226 1 251 0
1 252 1 167 0
1 15 1 253 0
1 254 1 214 0
1 255 1 202 0
1 256 1 77 0
1 257 1 294 0
1 52 1 258 0
1 259 1 135 0
1 260 1 218 0
1 57 1 261 0
1 284 1 262 0
1 151 1 263 0
1 80 1 264 0
1 49 1 265 0
1 289 1 266 0
1 98 1 267 0
1 268 1 115 0
1 226 1 269 0
1 270 1 234 0
1 271 1 286 0
1 242 1 272 0
1 147 1 273 0
1 100 1 274 0
1 275 1 195 0
1 110 1 276 0
1 277 1 104 0
1 278 1 134 0
1 279 1 71 0
1 280 1 71 0
1 281 1 73 0
1 282 1 165 0
1 283 1 57 0
1 284 1 98 0
1 262 1 285 0
1 286 1 2 0
1 287 1 188 0
1 288 1 229 0
1 174 1 289 0
1 189 1 290 0
1 291 1 136 0
1 23 1 292 0
1 293 1 192 0
1 294 1 159 0
1 188 1 295 0
1 261 1 296 0
1 297 1 13 0
1 237 1 298 0
1 299 1 4 0
1 300 1 156 0
