1100 1100
1 1 1 773 0
1 2 1 1043 0
1 1029 1 3 0
1 750 1 4 0
1 492 1 5 0
1 6 1 803 0
1 480 1 7 0
1 740 1 8 0
1 9 1 258 0
1 494 1 10 0
1 149 1 11 0
1 488 1 12 0
1 13 1 969 0
1 14 1 459 0
1 70 1 15 0
1 16 1 1028 0
1 693 1 17 0
1 308 1 18 0
1 940 1 19 0
1 20 1 604 0
1 21 1 151 0
1 22 1 372 0
1 358 1 23 0
1 536 1 24 0
1 750 1 25 0
1 26 1 39 0
1 27 1 449 0
1 28 1 567 0
1 841 1 29 0
1 82 1 30 0
1 855 1 31 0
1 32 1 116 0
1 970 1 33 0
1 34 1 143 0
1 116 1 35 0
1 36 1 34 0
1 37 1 576 0
1 770 1 38 0
1 50 1 39 0
1 40 1 156 0
1 41 1 44 0
1 472 1 42 0
1 43 1 964 0
1 44 1 311 0
1 1019 1 45 0
1 46 1 518 0
1 1085 1 47 0
1 48 1 541 0
1 49 1 396 0
1 50 1 407 0
1 236 1 51 0
1 235 1 52 0
1 53 1 1014 0
1 54 1 10 0
1 55 1 799 0
1 56 1 514 0
1 819 1 57 0
1 58 1 562 0
1 59 1 1016 0
1 60 1 642 0
1 540 1 61 0
1 62 1 538 0
1 63 1 250 0
1 652 1 64 0
1 1005 1 65 0
1 494 1 66 0
1 67 1 256 0
1 68 1 129 0
1 853 1 69 0
1 70 1 59 0
1 254 1 71 0
1 72 1 351 0
1 73 1 950 0
1 74 1 986 0
1 386 1 75 0
1 76 1 361 0
1 238 1 77 0
1 374 1 78 0
1 412 1 79 0
1 745 1 80 0
1 81 1 583 0
1 867 1 82 0
1 758 1 83 0
1 84 1 648 0
1 136 1 85 0
1 837 1 86 0
1 87 1 490 0
1 88 1 369 0
1 90 1 89 0
1 90 1 857 0
1 91 1 328 0
1 92 1 499 0
1 93 1 659 0
1 94 1 971 0
1 726 1 95 0
1 1077 1 96 0
1 986 1 97 0
1 612 1 98 0
1 99 1 1092 0
1 411 1 100 0
1 101 1 451 0
1 182 1 102 0
1 103 1 13 0
1 104 1 793 0
1 105 1 419 0
1 805 1 106 0
1 700 1 107 0
1 108 1 957 0
1 592 1 109 0
1 599 1 110 0
1 111 1 376 0
1 864 1 112 0
1 346 1 113 0
1 114 1 1010 0
1 115 1 773 0
1 970 1 116 0
1 117 1 271 0
1 118 1 62 0
1 119 1 725 0
1 120 1 36 0
1 121 1 80 0
1 180 1 122 0
1 673 1 123 0
1 607 1 124 0
1 125 1 495 0
1 416 1 126 0
1 127 1 301 0
1 128 1 119 0
1 129 1 961 0
1 756 1 130 0
1 632 1 131 0
1 756 1 132 0
1 612 1 133 0
1 335 1 134 0
1 558 1 135 0
1 361 1 136 0
1 826 1 137 0
1 557 1 138 0
1 139 1 1021 0
1 713 1 140 0
1 481 1 141 0
1 101 1 142 0
1 143 1 358 0
1 966 1 144 0
1 145 1 462 0
1 146 1 1059 0
1 538 1 147 0
1 148 1 852 0
1 149 1 562 0
1 150 1 842 0
1 467 1 151 0
1 152 1 1051 0
1 309 1 153 0
1 154 1 561 0
1 155 1 21 0
1 811 1 156 0
1 157 1 765 0
1 220 1 158 0
1 422 1 159 0
1 425 1 160 0
1 103 1 161 0
1 162 1 418 0
1 163 1 644 0
1 926 1 164 0
1 368 1 165 0
1 898 1 166 0
1 167 1 374 0
1 168 1 951 0
1 748 1 169 0
1 382 1 170 0
1 551 1 171 0
1 172 1 68 0
1 11 1 173 0
1 961 1 174 0
1 175 1 570 0
1 497 1 176 0
1 40 1 177 0
1 539 1 178 0
1 179 1 523 0
1 478 1 180 0
1 181 1 398 0
1 182 1 19 0
1 385 1 183 0
1 184 1 65 0
1 599 1 185 0
1 35 1 186 0
1 893 1 187 0
1 219 1 188 0
1 239 1 189 0
1 190 1 581 0
1 14 1 191 0
1 227 1 192 0
1 717 1 193 0
1 194 1 6 0
1 904 1 195 0
1 51 1 196 0
1 197 1 152 0
1 346 1 198 0
1 199 1 162 0
1 703 1 200 0
1 201 1 453 0
1 202 1 1096 0
1 203 1 811 0
1 178 1 204 0
1 967 1 205 0
1 315 1 206 0
1 207 1 230 0
1 208 1 288 0
1 209 1 313 0
1 210 1 755 0
1 375 1 211 0
1 212 1 608 0
1 213 1 25 0
1 214 1 351 0
1 590 1 215 0
1 64 1 216 0
1 217 1 682 0
1 807 1 218 0
1 997 1 219 0
1 220 1 887 0
1 221 1 875 0
1 222 1 204 0
1 223 1 796 0
1 13 1 224 0
1 225 1 11 0
1 226 1 1005 0
1 1088 1 227 0
1 228 1 987 0
1 229 1 78 0
1 230 1 892 0
1 231 1 474 0
1 616 1 232 0
1 233 1 256 0
1 234 1 571 0
1 235 1 614 0
1 88 1 236 0
1 1014 1 237 0
1 238 1 444 0
1 239 1 927 0
1 240 1 590 0
1 829 1 241 0
1 124 1 242 0
1 243 1 672 0
1 33 1 244 0
1 245 1 1012 0
1 246 1 677 0
1 247 1 335 0
1 972 1 248 0
1 518 1 249 0
1 23 1 250 0
1 251 1 617 0
1 131 1 252 0
1 336 1 253 0
1 254 1 594 0
1 255 1 703 0
1 256 1 265 0
1 257 1 743 0
1 258 1 71 0
1 670 1 259 0
1 535 1 260 0
1 655 1 261 0
1 262 1 412 0
1 662 1 263 0
1 455 1 264 0
1 219 1 265 0
1 266 1 303 0
1 267 1 216 0
1 268 1 908 0
1 1030 1 269 0
1 270 1 206 0
1 271 1 1091 0
1 1081 1 272 0
1 289 1 273 0
1 274 1 393 0
1 801 1 275 0
1 276 1 37 0
1 665 1 277 0
1 333 1 278 0
1 57 1 279 0
1 280 1 80 0
1 281 1 910 0
1 282 1 108 0
1 947 1 283 0
1 284 1 445 0
1 285 1 497 0
1 286 1 998 0
1 162 1 287 0
1 96 1 288 0
1 289 1 157 0
1 706 1 290 0
1 291 1 887 0
1 85 1 292 0
1 293 1 624 0
1 208 1 294 0
1 403 1 295 0
1 286 1 296 0
1 297 1 740 0
1 1025 1 298 0
1 299 1 610 0
1 300 1 236 0
1 301 1 182 0
1 290 1 302 0
1 303 1 493 0
1 304 1 948 0
1 762 1 305 0
1 306 1 826 0
1 307 1 1030 0
1 224 1 308 0
1 769 1 309 0
1 310 1 559 0
1 114 1 311 0
1 606 1 312 0
1 320 1 313 0
1 314 1 877 0
1 763 1 315 0
1 316 1 840 0
1 317 1 1088 0
1 318 1 164 0
1 21 1 319 0
1 700 1 320 0
1 840 1 321 0
1 763 1 322 0
1 399 1 323 0
1 440 1 324 0
1 1031 1 325 0
1 326 1 634 0
1 934 1 327 0
1 328 1 853 0
1 1003 1 329 0
1 330 1 361 0
1 331 1 445 0
1 332 1 870 0
1 333 1 350 0
1 334 1 732 0
1 628 1 335 0
1 754 1 336 0
1 375 1 337 0
1 338 1 179 0
1 339 1 199 0
1 340 1 207 0
1 488 1 341 0
1 342 1 253 0
1 343 1 126 0
1 344 1 821 0
1 345 1 937 0
1 346 1 327 0
1 41 1 347 0
1 258 1 348 0
1 182 1 349 0
1 968 1 350 0
1 351 1 513 0
1 1023 1 352 0
1 353 1 932 0
1 335 1 354 0
1 355 1 758 0
1 356 1 370 0
1 357 1 250 0
1 255 1 358 0
1 229 1 359 0
1 43 1 360 0
1 804 1 361 0
1 362 1 103 0
1 363 1 371 0
1 392 1 364 0
1 799 1 365 0
1 231 1 366 0
1 450 1 367 0
1 368 1 707 0
1 727 1 369 0
1 370 1 652 0
1 376 1 371 0
1 372 1 280 0
1 373 1 76 0
1 369 1 374 0
1 1000 1 375 0
1 376 1 12 0
1 377 1 834 0
1 442 1 378 0
1 51 1 379 0
1 380 1 852 0
1 547 1 381 0
1 382 1 857 0
1 383 1 1031 0
1 76 1 384 0
1 715 1 385 0
1 386 1 774 0
1 387 1 634 0
1 579 1 388 0
1 389 1 855 0
1 171 1 390 0
1 391 1 123 0
1 392 1 1093 0
1 706 1 393 0
1 394 1 200 0
1 736 1 395 0
1 1046 1 396 0
1 848 1 397 0
1 287 1 398 0
1 399 1 974 0
1 175 1 400 0
1 775 1 401 0
1 402 1 816 0
1 403 1 438 0
1 416 1 404 0
1 1049 1 405 0
1 406 1 879 0
1 407 1 169 0
1 408 1 383 0
1 727 1 409 0
1 410 1 705 0
1 411 1 719 0
1 133 1 412 0
1 413 1 58 0
1 738 1 414 0
1 415 1 218 0
1 64 1 416 0
1 417 1 979 0
1 393 1 418 0
1 419 1 676 0
1 196 1 420 0
1 314 1 421 0
1 423 1 422 0
1 423 1 522 0
1 907 1 424 0
1 425 1 606 0
1 426 1 55 0
1 998 1 427 0
1 428 1 508 0
1 429 1 1006 0
1 430 1 1080 0
1 431 1 1000 0
1 248 1 432 0
1 433 1 424 0
1 434 1 922 0
1 435 1 590 0
1 436 1 980 0
1 1058 1 437 0
1 438 1 162 0
1 691 1 439 0
1 440 1 337 0
1 441 1 1058 0
1 216 1 442 0
1 364 1 443 0
1 861 1 444 0
1 445 1 855 0
1 494 1 446 0
1 37 1 447 0
1 908 1 448 0
1 449 1 772 0
1 450 1 937 0
1 451 1 539 0
1 452 1 1014 0
1 453 1 643 0
1 882 1 454 0
1 291 1 455 0
1 59 1 456 0
1 457 1 427 0
1 458 1 504 0
1 34 1 459 0
1 460 1 418 0
1 44 1 461 0
1 994 1 462 0
1 575 1 463 0
1 464 1 158 0
1 867 1 465 0
1 466 1 971 0
1 467 1 578 0
1 1088 1 468 0
1 469 1 17 0
1 470 1 966 0
1 471 1 511 0
1 472 1 314 0
1 473 1 86 0
1 474 1 996 0
1 475 1 937 0
1 592 1 476 0
1 477 1 568 0
1 478 1 523 0
1 479 1 1015 0
1 870 1 480 0
1 481 1 247 0
1 482 1 160 0
1 483 1 848 0
1 484 1 516 0
1 191 1 485 0
1 486 1 1015 0
1 25 1 487 0
1 265 1 488 0
1 489 1 269 0
1 490 1 1091 0
1 119 1 491 0
1 492 1 198 0
1 493 1 794 0
1 1015 1 494 0
1 495 1 5 0
1 496 1 919 0
1 497 1 1088 0
1 498 1 219 0
1 195 1 499 0
1 500 1 75 0
1 738 1 501 0
1 502 1 985 0
1 503 1 564 0
1 504 1 53 0
1 331 1 505 0
1 286 1 506 0
1 507 1 202 0
1 508 1 226 0
1 509 1 1065 0
1 510 1 1054 0
1 511 1 76 0
1 100 1 512 0
1 513 1 362 0
1 977 1 514 0
1 515 1 793 0
1 516 1 343 0
1 25 1 517 0
1 980 1 518 0
1 519 1 289 0
1 520 1 188 0
1 67 1 521 0
1 522 1 281 0
1 793 1 523 0
1 31 1 524 0
1 525 1 578 0
1 526 1 706 0
1 527 1 1098 0
1 1100 1 528 0
1 529 1 488 0
1 376 1 530 0
1 42 1 531 0
1 361 1 532 0
1 846 1 533 0
1 175 1 534 0
1 535 1 276 0
1 536 1 521 0
1 976 1 537 0
1 429 1 538 0
1 539 1 965 0
1 751 1 540 0
1 541 1 930 0
1 542 1 778 0
1 543 1 75 0
1 544 1 815 0
1 544 1 545 0
1 546 1 418 0
1 547 1 588 0
1 548 1 153 0
1 568 1 549 0
1 550 1 214 0
1 551 1 458 0
1 127 1 552 0
1 865 1 553 0
1 422 1 554 0
1 493 1 555 0
1 556 1 694 0
1 557 1 283 0
1 558 1 23 0
1 559 1 211 0
1 1073 1 560 0
1 705 1 561 0
1 562 1 774 0
1 744 1 563 0
1 564 1 188 0
1 565 1 770 0
1 577 1 566 0
1 52 1 567 0
1 148 1 568 0
1 1096 1 569 0
1 707 1 570 0
1 571 1 376 0
1 572 1 1038 0
1 1052 1 573 0
1 574 1 995 0
1 575 1 902 0
1 576 1 731 0
1 368 1 577 0
1 240 1 578 0
1 579 1 474 0
1 450 1 580 0
1 836 1 581 0
1 582 1 842 0
1 583 1 668 0
1 584 1 949 0
1 585 1 398 0
1 586 1 657 0
1 311 1 587 0
1 588 1 808 0
1 589 1 409 0
1 590 1 106 0
1 591 1 99 0
1 419 1 592 0
1 593 1 97 0
1 594 1 509 0
1 595 1 748 0
1 978 1 596 0
1 495 1 597 0
1 598 1 450 0
1 599 1 505 0
1 616 1 600 0
1 601 1 951 0
1 602 1 552 0
1 157 1 603 0
1 913 1 604 0
1 605 1 244 0
1 606 1 458 0
1 929 1 607 0
1 577 1 608 0
1 1100 1 609 0
1 889 1 610 0
1 611 1 184 0
1 612 1 183 0
1 237 1 613 0
1 123 1 614 0
1 615 1 511 0
1 934 1 616 0
1 617 1 899 0
1 1083 1 618 0
1 619 1 964 0
1 620 1 833 0
1 621 1 942 0
1 622 1 201 0
1 1029 1 623 0
1 624 1 840 0
1 796 1 625 0
1 626 1 761 0
1 627 1 28 0
1 628 1 619 0
1 315 1 629 0
1 274 1 630 0
1 269 1 631 0
1 646 1 632 0
1 633 1 734 0
1 634 1 888 0
1 271 1 635 0
1 636 1 210 0
1 624 1 637 0
1 638 1 128 0
1 495 1 639 0
1 37 1 640 0
1 633 1 641 0
1 642 1 674 0
1 643 1 670 0
1 644 1 360 0
1 645 1 864 0
1 875 1 646 0
1 647 1 161 0
1 1037 1 648 0
1 824 1 649 0
1 210 1 650 0
1 651 1 33 0
1 553 1 652 0
1 312 1 653 0
1 621 1 654 0
1 655 1 216 0
1 656 1 401 0
1 657 1 273 0
1 295 1 658 0
1 597 1 659 0
1 660 1 844 0
1 661 1 972 0
1 549 1 662 0
1 920 1 663 0
1 664 1 85 0
1 903 1 665 0
1 666 1 192 0
1 667 1 517 0
1 439 1 668 0
1 669 1 479 0
1 384 1 670 0
1 338 1 671 0
1 215 1 672 0
1 261 1 673 0
1 674 1 198 0
1 675 1 765 0
1 676 1 971 0
1 535 1 677 0
1 678 1 717 0
1 848 1 679 0
1 427 1 680 0
1 855 1 681 0
1 682 1 580 0
1 683 1 726 0
1 210 1 684 0
1 685 1 659 0
1 687 1 686 0
1 687 1 925 0
1 284 1 688 0
1 689 1 102 0
1 1092 1 690 0
1 766 1 691 0
1 909 1 692 0
1 693 1 441 0
1 694 1 575 0
1 16 1 695 0
1 696 1 122 0
1 697 1 678 0
1 698 1 422 0
1 699 1 673 0
1 547 1 700 0
1 454 1 701 0
1 885 1 702 0
1 703 1 747 0
1 981 1 704 0
1 705 1 1092 0
1 706 1 472 0
1 707 1 974 0
1 708 1 817 0
1 1044 1 709 0
1 927 1 710 0
1 659 1 711 0
1 712 1 185 0
1 955 1 713 0
1 1100 1 714 0
1 715 1 533 0
1 158 1 716 0
1 1015 1 717 0
1 718 1 335 0
1 719 1 777 0
1 720 1 175 0
1 721 1 381 0
1 19 1 722 0
1 443 1 723 0
1 724 1 575 0
1 725 1 88 0
1 804 1 726 0
1 727 1 816 0
1 728 1 108 0
1 729 1 134 0
1 334 1 730 0
1 790 1 731 0
1 732 1 1070 0
1 733 1 1033 0
1 299 1 734 0
1 1019 1 735 0
1 883 1 736 0
1 737 1 532 0
1 738 1 447 0
1 128 1 739 0
1 1019 1 740 0
1 771 1 741 0
1 742 1 366 0
1 1097 1 743 0
1 256 1 744 0
1 109 1 745 0
1 426 1 746 0
1 1067 1 747 0
1 748 1 815 0
1 749 1 913 0
1 81 1 750 0
1 751 1 737 0
1 752 1 605 0
1 555 1 753 0
1 754 1 175 0
1 146 1 755 0
1 756 1 1033 0
1 757 1 794 0
1 625 1 758 0
1 759 1 507 0
1 760 1 810 0
1 65 1 761 0
1 762 1 698 0
1 763 1 643 0
1 764 1 822 0
1 765 1 961 0
1 766 1 182 0
1 767 1 552 0
1 84 1 768 0
1 661 1 769 0
1 676 1 770 0
1 492 1 771 0
1 772 1 829 0
1 896 1 773 0
1 1093 1 774 0
1 775 1 105 0
1 634 1 776 0
1 777 1 328 0
1 922 1 778 0
1 234 1 779 0
1 743 1 780 0
1 781 1 513 0
1 826 1 782 0
1 705 1 783 0
1 722 1 784 0
1 1089 1 785 0
1 531 1 786 0
1 452 1 787 0
1 788 1 606 0
1 789 1 58 0
1 790 1 211 0
1 71 1 791 0
1 792 1 514 0
1 209 1 793 0
1 794 1 1035 0
1 795 1 192 0
1 796 1 385 0
1 931 1 797 0
1 798 1 754 0
1 799 1 682 0
1 542 1 800 0
1 712 1 801 0
1 343 1 802 0
1 803 1 330 0
1 577 1 804 0
1 805 1 1030 0
1 411 1 806 0
1 807 1 405 0
1 1037 1 808 0
1 114 1 809 0
1 810 1 895 0
1 811 1 284 0
1 812 1 284 0
1 257 1 813 0
1 814 1 425 0
1 815 1 873 0
1 384 1 816 0
1 882 1 817 0
1 818 1 920 0
1 1041 1 819 0
1 428 1 820 0
1 953 1 821 0
1 973 1 822 0
1 588 1 823 0
1 485 1 824 0
1 621 1 825 0
1 954 1 826 0
1 1088 1 827 0
1 828 1 797 0
1 750 1 829 0
1 98 1 830 0
1 831 1 575 0
1 757 1 832 0
1 259 1 833 0
1 834 1 859 0
1 350 1 835 0
1 236 1 836 0
1 354 1 837 0
1 309 1 838 0
1 839 1 1045 0
1 840 1 851 0
1 961 1 841 0
1 842 1 1091 0
1 729 1 843 0
1 844 1 1052 0
1 845 1 705 0
1 846 1 302 0
1 775 1 847 0
1 848 1 358 0
1 162 1 849 0
1 850 1 948 0
1 851 1 557 0
1 998 1 852 0
1 853 1 928 0
1 854 1 383 0
1 125 1 855 0
1 856 1 386 0
1 857 1 324 0
1 1028 1 858 0
1 489 1 859 0
1 860 1 531 0
1 861 1 317 0
1 11 1 862 0
1 721 1 863 0
1 864 1 903 0
1 745 1 865 0
1 88 1 866 0
1 421 1 867 0
1 394 1 868 0
1 869 1 1099 0
1 870 1 852 0
1 871 1 7 0
1 746 1 872 0
1 873 1 997 0
1 541 1 874 0
1 748 1 875 0
1 67 1 876 0
1 877 1 290 0
1 878 1 940 0
1 469 1 879 0
1 485 1 880 0
1 855 1 881 0
1 763 1 882 0
1 883 1 472 0
1 884 1 267 0
1 885 1 819 0
1 887 1 886 0
1 371 1 887 0
1 276 1 888 0
1 954 1 889 0
1 765 1 890 0
1 301 1 891 0
1 892 1 1039 0
1 664 1 893 0
1 501 1 894 0
1 220 1 895 0
1 896 1 521 0
1 897 1 97 0
1 898 1 162 0
1 101 1 899 0
1 900 1 165 0
1 153 1 901 0
1 202 1 902 0
1 559 1 903 0
1 904 1 359 0
1 905 1 983 0
1 906 1 227 0
1 907 1 407 0
1 974 1 908 0
1 908 1 909 0
1 910 1 1057 0
1 911 1 807 0
1 115 1 912 0
1 913 1 146 0
1 909 1 914 0
1 915 1 446 0
1 916 1 467 0
1 917 1 879 0
1 918 1 757 0
1 919 1 287 0
1 920 1 821 0
1 704 1 921 0
1 922 1 1058 0
1 270 1 923 0
1 537 1 924 0
1 302 1 925 0
1 926 1 597 0
1 927 1 8 0
1 928 1 454 0
1 929 1 973 0
1 544 1 930 0
1 449 1 931 0
1 932 1 385 0
1 1066 1 933 0
1 934 1 270 0
1 439 1 935 0
1 936 1 435 0
1 937 1 799 0
1 938 1 326 0
1 939 1 392 0
1 940 1 530 0
1 941 1 786 0
1 53 1 942 0
1 733 1 943 0
1 378 1 944 0
1 945 1 218 0
1 803 1 946 0
1 575 1 947 0
1 948 1 194 0
1 190 1 949 0
1 214 1 950 0
1 692 1 951 0
1 510 1 952 0
1 953 1 1074 0
1 954 1 745 0
1 955 1 556 0
1 259 1 956 0
1 168 1 957 0
1 738 1 958 0
1 862 1 959 0
1 960 1 116 0
1 977 1 961 0
1 73 1 962 0
1 24 1 963 0
1 303 1 964 0
1 821 1 965 0
1 919 1 966 0
1 531 1 967 0
1 41 1 968 0
1 734 1 969 0
1 970 1 938 0
1 971 1 664 0
1 972 1 136 0
1 20 1 973 0
1 783 1 974 0
1 341 1 975 0
1 976 1 122 0
1 865 1 977 0
1 978 1 23 0
1 105 1 979 0
1 980 1 986 0
1 981 1 971 0
1 481 1 982 0
1 983 1 492 0
1 465 1 984 0
1 827 1 985 0
1 986 1 396 0
1 987 1 46 0
1 935 1 988 0
1 659 1 989 0
1 645 1 990 0
1 991 1 26 0
1 992 1 521 0
1 993 1 915 0
1 811 1 994 0
1 823 1 995 0
1 996 1 60 0
1 65 1 997 0
1 998 1 849 0
1 999 1 427 0
1 351 1 1000 0
1 160 1 1001 0
1 1028 1 1002 0
1 80 1 1003 0
1 1004 1 930 0
1 1005 1 265 0
1 6 1 1006 0
1 758 1 1007 0
1 1008 1 756 0
1 998 1 1009 0
1 1010 1 972 0
1 249 1 1011 0
1 1012 1 934 0
1 222 1 1013 0
1 508 1 1014 0
1 796 1 1015 0
1 283 1 1016 0
1 1017 1 457 0
1 1018 1 335 0
1 1019 1 75 0
1 82 1 1020 0
1 307 1 1021 0
1 1022 1 684 0
1 917 1 1023 0
1 389 1 1024 0
1 638 1 1025 0
1 1026 1 684 0
1 536 1 1027 0
1 911 1 1028 0
1 1029 1 442 0
1 1030 1 343 0
1 1031 1 1051 0
1 496 1 1032 0
1 1033 1 866 0
1 1095 1 1034 0
1 269 1 1035 0
1 350 1 1036 0
1 1037 1 960 0
1 586 1 1038 0
1 1039 1 1086 0
1 142 1 1040 0
1 612 1 1041 0
1 67 1 1042 0
1 1043 1 742 0
1 789 1 1044 0
1 169 1 1045 0
1 1046 1 923 0
1 912 1 1047 0
1 677 1 1048 0
1 1049 1 115 0
1 831 1 1050 0
1 6 1 1051 0
1 1052 1 947 0
1 755 1 1053 0
1 1054 1 446 0
1 1055 1 632 0
1 1056 1 95 0
1 828 1 1057 0
1 1058 1 260 0
1 625 1 1059 0
1 850 1 1060 0
1 1061 1 767 0
1 951 1 1062 0
1 1063 1 717 0
1 55 1 1064 0
1 1065 1 670 0
1 1066 1 200 0
1 1067 1 455 0
1 1068 1 1098 0
1 929 1 1069 0
1 1070 1 834 0
1 53 1 1071 0
1 1072 1 432 0
1 976 1 1073 0
1 1074 1 471 0
1 1075 1 680 0
1 1076 1 1048 0
1 1077 1 282 0
1 1078 1 662 0
1 189 1 1079 0
1 954 1 1080 0
1 80 1 1081 0
1 1082 1 697 0
1 1083 1 955 0
1 1084 1 792 0
1 1085 1 247 0
1 1086 1 897 0
1 530 1 1087 0
1 1088 1 567 0
1 675 1 1089 0
1 852 1 1090 0
1 628 1 1091 0
1 495 1 1092 0
1 867 1 1093 0
1 1094 1 1011 0
1 26 1 1095 0
1 509 1 1096 0
1 1097 1 270 0
1 1098 1 901 0
1 1099 1 821 0
1 1100 1 415 0
