50 50
1 1 1 23 0
1 50 1 2 0
1 9 1 3 0
1 35 1 4 0
1 40 1 5 0
1 8 1 6 0
1 19 1 7 0
1 8 1 30 0
1 22 1 9 0
1 45 1 10 0
1 11 1 34 0
1 12 1 31 0
1 13 1 37 0
1 23 1 14 0
1 15 1 20 0
1 5 1 16 0
1 10 1 17 0
1 18 1 13 0
1 19 1 6 0
1 20 1 27 0
1 37 1 21 0
1 22 1 29 0
1 16 1 23 0
1 24 1 44 0
1 9 1 25 0
1 26 1 18 0
1 27 1 4 0
1 28 1 36 0
1 29 1 20 0
1 6 1 30 0
1 33 1 31 0
1 32 1 25 0
1 33 1 2 0
1 4 1 34 0
1 47 1 35 0
1 9 1 36 0
1 37 1 49 0
1 49 1 38 0
1 39 1 5 0
1 40 1 13 0
1 41 1 36 0
1 2 1 42 0
1 43 1 41 0
1 44 1 1 0
1 45 1 49 0
1 46 1 32 0
1 47 1 39 0
1 48 1 15 0
1 49 1 43 0
1 50 1 39 0
