500 500
1 1 1 11 0
1 2 1 32 0
1 417 1 3 0
1 4 1 10 0
1 93 1 5 0
1 6 1 349 0
1 7 1 68 0
1 367 1 8 0
1 9 1 334 0
1 276 1 10 0
1 286 1 11 0
1 12 1 217 0
1 13 1 130 0
1 14 1 252 0
1 15 1 314 0
1 16 1 390 0
1 273 1 17 0
1 205 1 18 0
1 19 1 220 0
1 267 1 20 0
1 21 1 68 0
1 22 1 140 0
1 23 1 490 0
1 161 1 24 0
1 25 1 17 0
1 26 1 34 0
1 27 1 431 0
1 28 1 44 0
1 71 1 29 0
1 188 1 30 0
1 254 1 31 0
1 434 1 32 0
1 33 1 361 0
1 34 1 361 0
1 35 1 185 0
1 297 1 36 0
1 37 1 44 0
1 38 1 100 0
1 39 1 270 0
1 299 1 40 0
1 298 1 41 0
1 66 1 42 0
1 43 1 313 0
1 457 1 44 0
1 497 1 45 0
1 20 1 46 0
1 319 1 47 0
1 48 1 109 0
1 399 1 49 0
1 414 1 50 0
1 252 1 51 0
1 52 1 337 0
1 53 1 414 0
1 379 1 54 0
1 55 1 264 0
1 56 1 498 0
1 354 1 57 0
1 427 1 58 0
1 59 1 288 0
1 60 1 383 0
1 61 1 84 0
1 62 1 218 0
1 12 1 63 0
1 64 1 132 0
1 476 1 65 0
1 66 1 213 0
1 53 1 67 0
1 323 1 68 0
1 25 1 69 0
1 70 1 292 0
1 71 1 184 0
1 231 1 72 0
1 73 1 174 0
1 74 1 351 0
1 118 1 75 0
1 466 1 76 0
1 77 1 270 0
1 89 1 78 0
1 348 1 79 0
1 80 1 238 0
1 380 1 81 0
1 169 1 82 0
1 83 1 289 0
1 257 1 84 0
1 312 1 85 0
1 445 1 86 0
1 87 1 9 0
1 88 1 426 0
1 264 1 89 0
1 56 1 90 0
1 304 1 91 0
1 92 1 433 0
1 478 1 93 0
1 94 1 102 0
1 365 1 95 0
1 96 1 137 0
1 138 1 97 0
1 98 1 170 0
1 8 1 99 0
1 493 1 100 0
1 101 1 253 0
1 165 1 102 0
1 181 1 103 0
1 104 1 339 0
1 19 1 105 0
1 178 1 106 0
1 107 1 76 0
1 108 1 69 0
1 109 1 5 0
1 500 1 110 0
1 499 1 111 0
1 112 1 81 0
1 113 1 306 0
1 114 1 12 0
1 115 1 451 0
1 116 1 230 0
1 117 1 7 0
1 118 1 204 0
1 119 1 388 0
1 120 1 310 0
1 121 1 38 0
1 147 1 122 0
1 387 1 123 0
1 74 1 124 0
1 125 1 140 0
1 126 1 486 0
1 127 1 447 0
1 209 1 128 0
1 129 1 327 0
1 130 1 306 0
1 131 1 209 0
1 132 1 358 0
1 133 1 396 0
1 419 1 134 0
1 433 1 135 0
1 137 1 136 0
1 137 1 249 0
1 398 1 138 0
1 129 1 139 0
1 409 1 140 0
1 141 1 241 0
1 142 1 200 0
1 143 1 178 0
1 144 1 364 0
1 145 1 252 0
1 146 1 227 0
1 213 1 147 0
1 148 1 439 0
1 495 1 149 0
1 150 1 378 0
1 151 1 285 0
1 152 1 397 0
1 288 1 153 0
1 451 1 154 0
1 179 1 155 0
1 156 1 207 0
1 157 1 380 0
1 158 1 268 0
1 159 1 393 0
1 324 1 160 0
1 340 1 161 0
1 162 1 394 0
1 163 1 115 0
1 164 1 290 0
1 405 1 165 0
1 458 1 166 0
1 193 1 167 0
1 168 1 449 0
1 169 1 204 0
1 101 1 170 0
1 483 1 171 0
1 172 1 349 0
1 355 1 173 0
1 174 1 229 0
1 137 1 175 0
1 176 1 424 0
1 424 1 177 0
1 415 1 178 0
1 179 1 160 0
1 180 1 442 0
1 181 1 319 0
1 261 1 182 0
1 183 1 174 0
1 184 1 311 0
1 350 1 185 0
1 285 1 186 0
1 447 1 187 0
1 188 1 307 0
1 189 1 256 0
1 382 1 190 0
1 191 1 291 0
1 192 1 317 0
1 186 1 193 0
1 310 1 194 0
1 361 1 195 0
1 391 1 196 0
1 197 1 457 0
1 24 1 198 0
1 199 1 486 0
1 200 1 351 0
1 201 1 220 0
1 152 1 202 0
1 472 1 203 0
1 204 1 307 0
1 13 1 205 0
1 206 1 335 0
1 207 1 350 0
1 45 1 208 0
1 484 1 209 0
1 210 1 76 0
1 211 1 486 0
1 212 1 101 0
1 213 1 190 0
1 237 1 214 0
1 57 1 215 0
1 216 1 307 0
1 291 1 217 0
1 383 1 218 0
1 219 1 187 0
1 137 1 220 0
1 47 1 221 0
1 222 1 221 0
1 69 1 223 0
1 224 1 226 0
1 130 1 225 0
1 226 1 409 0
1 88 1 227 0
1 418 1 228 0
1 198 1 229 0
1 230 1 284 0
1 231 1 407 0
1 232 1 4 0
1 233 1 165 0
1 17 1 234 0
1 449 1 235 0
1 76 1 236 0
1 176 1 237 0
1 446 1 238 0
1 239 1 88 0
1 240 1 382 0
1 241 1 257 0
1 242 1 374 0
1 343 1 243 0
1 126 1 244 0
1 113 1 245 0
1 246 1 401 0
1 315 1 247 0
1 248 1 368 0
1 5 1 249 0
1 366 1 250 0
1 251 1 418 0
1 252 1 354 0
1 254 1 253 0
1 289 1 254 0
1 73 1 255 0
1 323 1 256 0
1 257 1 315 0
1 372 1 258 0
1 198 1 259 0
1 458 1 260 0
1 261 1 125 0
1 250 1 262 0
1 263 1 27 0
1 264 1 359 0
1 265 1 373 0
1 266 1 282 0
1 437 1 267 0
1 268 1 199 0
1 269 1 22 0
1 299 1 270 0
1 271 1 158 0
1 272 1 357 0
1 286 1 273 0
1 274 1 348 0
1 275 1 277 0
1 276 1 88 0
1 277 1 232 0
1 250 1 278 0
1 459 1 279 0
1 39 1 280 0
1 435 1 281 0
1 348 1 282 0
1 283 1 105 0
1 46 1 284 0
1 285 1 69 0
1 222 1 286 0
1 500 1 287 0
1 380 1 288 0
1 289 1 211 0
1 290 1 225 0
1 457 1 291 0
1 292 1 330 0
1 293 1 49 0
1 365 1 294 0
1 471 1 295 0
1 296 1 109 0
1 359 1 297 0
1 170 1 298 0
1 431 1 299 0
1 221 1 300 0
1 301 1 201 0
1 302 1 328 0
1 382 1 303 0
1 304 1 451 0
1 305 1 301 0
1 388 1 306 0
1 307 1 144 0
1 303 1 308 0
1 484 1 309 0
1 310 1 75 0
1 122 1 311 0
1 312 1 361 0
1 313 1 288 0
1 48 1 314 0
1 383 1 315 0
1 316 1 410 0
1 317 1 290 0
1 129 1 318 0
1 265 1 319 0
1 320 1 223 0
1 321 1 401 0
1 452 1 322 0
1 327 1 323 0
1 33 1 324 0
1 349 1 325 0
1 326 1 375 0
1 160 1 327 0
1 29 1 328 0
1 329 1 452 0
1 446 1 330 0
1 331 1 282 0
1 378 1 332 0
1 379 1 333 0
1 224 1 334 0
1 75 1 335 0
1 272 1 336 0
1 337 1 44 0
1 300 1 338 0
1 339 1 436 0
1 246 1 340 0
1 28 1 341 0
1 442 1 342 0
1 391 1 343 0
1 111 1 344 0
1 345 1 11 0
1 346 1 395 0
1 372 1 347 0
1 348 1 355 0
1 349 1 92 0
1 362 1 350 0
1 351 1 333 0
1 318 1 352 0
1 12 1 353 0
1 35 1 354 0
1 378 1 355 0
1 411 1 356 0
1 407 1 357 0
1 220 1 358 0
1 359 1 296 0
1 360 1 316 0
1 361 1 170 0
1 306 1 362 0
1 363 1 464 0
1 364 1 197 0
1 365 1 431 0
1 366 1 423 0
1 367 1 294 0
1 104 1 368 0
1 369 1 135 0
1 370 1 386 0
1 371 1 336 0
1 270 1 372 0
1 373 1 330 0
1 61 1 374 0
1 375 1 414 0
1 186 1 376 0
1 377 1 80 0
1 378 1 188 0
1 379 1 132 0
1 380 1 450 0
1 235 1 381 0
1 6 1 382 0
1 101 1 383 0
1 384 1 495 0
1 385 1 289 0
1 289 1 386 0
1 431 1 387 0
1 388 1 267 0
1 389 1 396 0
1 492 1 390 0
1 448 1 391 0
1 132 1 392 0
1 95 1 393 0
1 394 1 488 0
1 488 1 395 0
1 53 1 396 0
1 126 1 397 0
1 174 1 398 0
1 399 1 132 0
1 400 1 333 0
1 30 1 401 0
1 139 1 402 0
1 403 1 417 0
1 404 1 7 0
1 405 1 237 0
1 406 1 15 0
1 24 1 407 0
1 408 1 87 0
1 409 1 304 0
1 410 1 385 0
1 411 1 19 0
1 412 1 461 0
1 457 1 413 0
1 414 1 433 0
1 415 1 139 0
1 258 1 416 0
1 217 1 417 0
1 50 1 418 0
1 419 1 325 0
1 153 1 420 0
1 39 1 421 0
1 412 1 422 0
1 423 1 102 0
1 424 1 31 0
1 425 1 263 0
1 426 1 33 0
1 427 1 171 0
1 164 1 428 0
1 492 1 429 0
1 227 1 430 0
1 367 1 431 0
1 432 1 450 0
1 408 1 433 0
1 434 1 189 0
1 157 1 435 0
1 436 1 81 0
1 437 1 230 0
1 80 1 438 0
1 174 1 439 0
1 270 1 440 0
1 441 1 476 0
1 442 1 90 0
1 443 1 215 0
1 390 1 444 0
1 445 1 347 0
1 116 1 446 0
1 447 1 153 0
1 403 1 448 0
1 449 1 466 0
1 256 1 450 0
1 251 1 451 0
1 452 1 24 0
1 453 1 334 0
1 454 1 410 0
1 179 1 455 0
1 456 1 397 0
1 392 1 457 0
1 91 1 458 0
1 459 1 16 0
1 180 1 460 0
1 461 1 181 0
1 462 1 304 0
1 463 1 374 0
1 464 1 335 0
1 434 1 465 0
1 466 1 8 0
1 467 1 409 0
1 468 1 414 0
1 469 1 466 0
1 470 1 3 0
1 492 1 471 0
1 472 1 438 0
1 473 1 138 0
1 304 1 474 0
1 211 1 475 0
1 240 1 476 0
1 24 1 477 0
1 478 1 374 0
1 479 1 249 0
1 275 1 480 0
1 481 1 332 0
1 482 1 230 0
1 483 1 167 0
1 418 1 484 0
1 186 1 485 0
1 486 1 154 0
1 487 1 31 0
1 488 1 288 0
1 489 1 496 0
1 490 1 273 0
1 397 1 491 0
1 492 1 184 0
1 493 1 110 0
1 494 1 33 0
1 495 1 389 0
1 262 1 496 0
1 497 1 252 0
1 284 1 498 0
1 431 1 499 0
1 159 1 500 0
