350 350
1 1 1 174 0
1 2 1 311 0
1 86 1 3 0
1 74 1 4 0
1 5 1 304 0
1 6 1 205 0
1 7 1 260 0
1 8 1 135 0
1 9 1 6 0
1 6 1 10 0
1 11 1 292 0
1 12 1 233 0
1 311 1 13 0
1 138 1 14 0
1 25 1 15 0
1 159 1 16 0
1 175 1 17 0
1 18 1 227 0
1 19 1 156 0
1 20 1 63 0
1 21 1 227 0
1 284 1 22 0
1 16 1 23 0
1 24 1 136 0
1 265 1 25 0
1 86 1 26 0
1 27 1 41 0
1 190 1 28 0
1 29 1 276 0
1 316 1 30 0
1 31 1 94 0
1 7 1 32 0
1 126 1 33 0
1 237 1 34 0
1 35 1 219 0
1 36 1 209 0
1 131 1 37 0
1 38 1 86 0
1 39 1 328 0
1 40 1 346 0
1 157 1 41 0
1 42 1 230 0
1 43 1 222 0
1 40 1 44 0
1 144 1 45 0
1 39 1 46 0
1 271 1 47 0
1 48 1 336 0
1 49 1 286 0
1 50 1 144 0
1 51 1 22 0
1 52 1 159 0
1 53 1 300 0
1 294 1 54 0
1 55 1 100 0
1 56 1 36 0
1 57 1 137 0
1 58 1 70 0
1 280 1 59 0
1 316 1 60 0
1 61 1 321 0
1 62 1 343 0
1 184 1 63 0
1 6 1 64 0
1 65 1 135 0
1 32 1 66 0
1 67 1 35 0
1 68 1 75 0
1 260 1 69 0
1 70 1 187 0
1 71 1 26 0
1 227 1 72 0
1 73 1 116 0
1 74 1 318 0
1 75 1 264 0
1 178 1 76 0
1 67 1 77 0
1 158 1 78 0
1 79 1 278 0
1 309 1 80 0
1 110 1 81 0
1 82 1 61 0
1 83 1 337 0
1 84 1 83 0
1 85 1 138 0
1 17 1 86 0
1 87 1 307 0
1 88 1 217 0
1 89 1 266 0
1 90 1 182 0
1 145 1 91 0
1 73 1 92 0
1 116 1 93 0
1 199 1 94 0
1 142 1 95 0
1 106 1 96 0
1 97 1 12 0
1 98 1 254 0
1 182 1 99 0
1 100 1 79 0
1 101 1 187 0
1 283 1 102 0
1 192 1 103 0
1 104 1 343 0
1 105 1 4 0
1 106 1 320 0
1 107 1 257 0
1 178 1 108 0
1 196 1 109 0
1 110 1 66 0
1 327 1 111 0
1 112 1 281 0
1 113 1 95 0
1 114 1 253 0
1 68 1 115 0
1 342 1 116 0
1 117 1 347 0
1 118 1 323 0
1 119 1 262 0
1 225 1 120 0
1 121 1 20 0
1 122 1 43 0
1 123 1 300 0
1 124 1 141 0
1 103 1 125 0
1 126 1 88 0
1 267 1 127 0
1 128 1 332 0
1 129 1 115 0
1 130 1 100 0
1 131 1 250 0
1 132 1 26 0
1 245 1 133 0
1 201 1 134 0
1 342 1 135 0
1 136 1 17 0
1 137 1 23 0
1 138 1 27 0
1 252 1 139 0
1 140 1 45 0
1 8 1 141 0
1 142 1 83 0
1 143 1 320 0
1 144 1 102 0
1 74 1 145 0
1 146 1 99 0
1 106 1 147 0
1 76 1 148 0
1 243 1 149 0
1 150 1 25 0
1 224 1 151 0
1 154 1 152 0
1 153 1 275 0
1 152 1 154 0
1 5 1 155 0
1 156 1 229 0
1 316 1 157 0
1 307 1 158 0
1 159 1 343 0
1 280 1 160 0
1 161 1 199 0
1 49 1 162 0
1 131 1 163 0
1 164 1 211 0
1 52 1 165 0
1 317 1 166 0
1 140 1 167 0
1 232 1 168 0
1 169 1 183 0
1 170 1 62 0
1 344 1 171 0
1 172 1 146 0
1 173 1 348 0
1 174 1 54 0
1 175 1 50 0
1 176 1 67 0
1 177 1 30 0
1 195 1 178 0
1 179 1 241 0
1 180 1 171 0
1 181 1 262 0
1 182 1 55 0
1 183 1 321 0
1 184 1 348 0
1 335 1 185 0
1 296 1 186 0
1 187 1 191 0
1 188 1 63 0
1 127 1 189 0
1 314 1 190 0
1 309 1 191 0
1 192 1 302 0
1 193 1 206 0
1 71 1 194 0
1 195 1 44 0
1 134 1 196 0
1 98 1 197 0
1 111 1 198 0
1 224 1 199 0
1 200 1 226 0
1 126 1 201 0
1 202 1 208 0
1 37 1 203 0
1 204 1 157 0
1 253 1 205 0
1 49 1 206 0
1 186 1 207 0
1 208 1 140 0
1 60 1 209 0
1 210 1 340 0
1 211 1 328 0
1 212 1 333 0
1 213 1 228 0
1 214 1 349 0
1 45 1 215 0
1 216 1 272 0
1 181 1 217 0
1 218 1 344 0
1 210 1 219 0
1 220 1 238 0
1 272 1 221 0
1 347 1 222 0
1 223 1 222 0
1 292 1 224 0
1 24 1 225 0
1 226 1 102 0
1 227 1 182 0
1 228 1 47 0
1 91 1 229 0
1 230 1 104 0
1 168 1 231 0
1 232 1 339 0
1 233 1 79 0
1 234 1 61 0
1 89 1 235 0
1 317 1 236 0
1 250 1 237 0
1 161 1 238 0
1 61 1 239 0
1 240 1 50 0
1 1 1 241 0
1 33 1 242 0
1 243 1 159 0
1 248 1 244 0
1 245 1 299 0
1 346 1 246 0
1 247 1 116 0
1 175 1 248 0
1 16 1 249 0
1 250 1 180 0
1 251 1 73 0
1 252 1 238 0
1 253 1 125 0
1 254 1 277 0
1 324 1 255 0
1 258 1 256 0
1 53 1 257 0
1 258 1 217 0
1 75 1 259 0
1 5 1 260 0
1 45 1 261 0
1 41 1 262 0
1 263 1 178 0
1 264 1 331 0
1 99 1 265 0
1 146 1 266 0
1 267 1 336 0
1 58 1 268 0
1 214 1 269 0
1 270 1 109 0
1 107 1 271 0
1 251 1 272 0
1 348 1 273 0
1 274 1 261 0
1 154 1 275 0
1 276 1 96 0
1 194 1 277 0
1 190 1 278 0
1 202 1 279 0
1 341 1 280 0
1 190 1 281 0
1 109 1 282 0
1 22 1 283 0
1 284 1 168 0
1 109 1 285 0
1 321 1 286 0
1 170 1 287 0
1 288 1 238 0
1 289 1 126 0
1 115 1 290 0
1 291 1 24 0
1 292 1 39 0
1 293 1 108 0
1 57 1 294 0
1 295 1 282 0
1 184 1 296 0
1 297 1 194 0
1 5 1 298 0
1 299 1 25 0
1 36 1 300 0
1 191 1 301 0
1 223 1 302 0
1 303 1 264 0
1 201 1 304 0
1 305 1 44 0
1 306 1 70 0
1 307 1 44 0
1 308 1 89 0
1 255 1 309 0
1 35 1 310 0
1 76 1 311 0
1 157 1 312 0
1 313 1 148 0
1 136 1 314 0
1 290 1 315 0
1 243 1 316 0
1 61 1 317 0
1 57 1 318 0
1 319 1 196 0
1 320 1 28 0
1 321 1 313 0
1 322 1 223 0
1 22 1 323 0
1 31 1 324 0
1 325 1 283 0
1 136 1 326 0
1 327 1 22 0
1 328 1 297 0
1 222 1 329 0
1 330 1 84 0
1 326 1 331 0
1 318 1 332 0
1 53 1 333 0
1 334 1 2 0
1 335 1 278 0
1 182 1 336 0
1 337 1 31 0
1 338 1 307 0
1 26 1 339 0
1 340 1 334 0
1 270 1 341 0
1 99 1 342 0
1 343 1 257 0
1 146 1 344 0
1 345 1 317 0
1 346 1 157 0
1 347 1 228 0
1 100 1 348 0
1 147 1 349 0
1 350 1 286 0
