150 150
1 1 1 49 0
1 2 1 24 0
1 3 1 92 0
1 4 1 88 0
1 5 1 90 0
1 108 1 6 0
1 109 1 7 0
1 7 1 8 0
1 133 1 9 0
1 41 1 10 0
1 11 1 67 0
1 11 1 12 0
1 49 1 13 0
1 14 1 112 0
1 102 1 15 0
1 125 1 16 0
1 20 1 17 0
1 146 1 18 0
1 19 1 85 0
1 21 1 20 0
1 126 1 21 0
1 123 1 22 0
1 150 1 23 0
1 19 1 24 0
1 109 1 25 0
1 121 1 26 0
1 58 1 27 0
1 26 1 28 0
1 29 1 130 0
1 83 1 30 0
1 31 1 75 0
1 32 1 22 0
1 57 1 33 0
1 34 1 93 0
1 35 1 79 0
1 36 1 84 0
1 93 1 37 0
1 38 1 102 0
1 121 1 39 0
1 145 1 40 0
1 38 1 41 0
1 42 1 17 0
1 43 1 71 0
1 53 1 44 0
1 45 1 41 0
1 46 1 7 0
1 108 1 47 0
1 48 1 88 0
1 49 1 102 0
1 50 1 113 0
1 51 1 28 0
1 52 1 36 0
1 141 1 53 0
1 54 1 125 0
1 106 1 55 0
1 44 1 56 0
1 57 1 46 0
1 58 1 93 0
1 57 1 59 0
1 60 1 40 0
1 61 1 57 0
1 62 1 23 0
1 18 1 63 0
1 141 1 64 0
1 65 1 137 0
1 66 1 123 0
1 88 1 67 0
1 89 1 68 0
1 69 1 124 0
1 30 1 70 0
1 80 1 71 0
1 107 1 72 0
1 73 1 92 0
1 74 1 145 0
1 75 1 78 0
1 76 1 95 0
1 14 1 77 0
1 78 1 111 0
1 79 1 23 0
1 80 1 11 0
1 81 1 55 0
1 67 1 82 0
1 75 1 83 0
1 84 1 49 0
1 145 1 85 0
1 119 1 86 0
1 87 1 56 0
1 88 1 103 0
1 77 1 89 0
1 90 1 79 0
1 131 1 91 0
1 92 1 38 0
1 68 1 93 0
1 111 1 94 0
1 95 1 94 0
1 29 1 96 0
1 97 1 27 0
1 32 1 98 0
1 99 1 43 0
1 143 1 100 0
1 101 1 148 0
1 145 1 102 0
1 21 1 103 0
1 104 1 114 0
1 85 1 105 0
1 106 1 118 0
1 26 1 107 0
1 74 1 108 0
1 109 1 53 0
1 110 1 88 0
1 111 1 102 0
1 112 1 18 0
1 113 1 36 0
1 92 1 114 0
1 115 1 87 0
1 62 1 116 0
1 31 1 117 0
1 118 1 130 0
1 13 1 119 0
1 107 1 120 0
1 121 1 26 0
1 39 1 122 0
1 123 1 119 0
1 124 1 72 0
1 68 1 125 0
1 126 1 50 0
1 7 1 127 0
1 128 1 32 0
1 39 1 129 0
1 31 1 130 0
1 18 1 131 0
1 21 1 132 0
1 49 1 133 0
1 84 1 134 0
1 135 1 87 0
1 46 1 136 0
1 137 1 9 0
1 138 1 82 0
1 121 1 139 0
1 140 1 70 0
1 95 1 141 0
1 142 1 111 0
1 143 1 53 0
1 43 1 144 0
1 111 1 145 0
1 139 1 146 0
1 82 1 147 0
1 148 1 13 0
1 4 1 149 0
1 150 1 14 0
