1350 1350
1 1322 1 1 0
1 2 1 367 0
1 3 1 627 0
1 889 1 4 0
1 172 1 5 0
1 74 1 6 0
1 7 1 1146 0
1 8 1 96 0
1 449 1 9 0
1 10 1 520 0
1 668 1 11 0
1 12 1 161 0
1 13 1 283 0
1 308 1 14 0
1 15 1 181 0
1 16 1 283 0
1 845 1 17 0
1 18 1 694 0
1 19 1 814 0
1 1232 1 20 0
1 21 1 14 0
1 22 1 257 0
1 23 1 785 0
1 541 1 24 0
1 59 1 25 0
1 463 1 26 0
1 1007 1 27 0
1 99 1 28 0
1 29 1 95 0
1 472 1 30 0
1 528 1 31 0
1 32 1 4 0
1 33 1 951 0
1 1223 1 34 0
1 1348 1 35 0
1 817 1 36 0
1 37 1 438 0
1 38 1 680 0
1 39 1 724 0
1 653 1 40 0
1 41 1 996 0
1 42 1 1342 0
1 621 1 43 0
1 176 1 44 0
1 45 1 781 0
1 46 1 223 0
1 755 1 47 0
1 48 1 1339 0
1 49 1 46 0
1 50 1 149 0
1 149 1 51 0
1 52 1 992 0
1 488 1 53 0
1 1277 1 54 0
1 1030 1 55 0
1 530 1 56 0
1 600 1 57 0
1 1040 1 58 0
1 59 1 100 0
1 327 1 60 0
1 61 1 10 0
1 1339 1 62 0
1 290 1 63 0
1 64 1 985 0
1 592 1 65 0
1 599 1 66 0
1 939 1 67 0
1 68 1 270 0
1 538 1 69 0
1 70 1 598 0
1 71 1 1088 0
1 771 1 72 0
1 73 1 708 0
1 21 1 74 0
1 75 1 984 0
1 1066 1 76 0
1 77 1 288 0
1 78 1 613 0
1 79 1 861 0
1 80 1 768 0
1 787 1 81 0
1 82 1 1099 0
1 391 1 83 0
1 84 1 522 0
1 85 1 1174 0
1 86 1 1266 0
1 87 1 307 0
1 88 1 456 0
1 89 1 603 0
1 1072 1 90 0
1 91 1 200 0
1 92 1 1327 0
1 1349 1 93 0
1 470 1 94 0
1 220 1 95 0
1 1102 1 96 0
1 702 1 97 0
1 98 1 999 0
1 99 1 1 0
1 100 1 1277 0
1 101 1 646 0
1 102 1 1154 0
1 1309 1 103 0
1 1350 1 104 0
1 105 1 578 0
1 106 1 941 0
1 107 1 738 0
1 4 1 108 0
1 109 1 869 0
1 110 1 807 0
1 595 1 111 0
1 112 1 662 0
1 113 1 832 0
1 114 1 157 0
1 656 1 115 0
1 116 1 1017 0
1 155 1 117 0
1 951 1 118 0
1 119 1 189 0
1 120 1 1198 0
1 513 1 121 0
1 122 1 812 0
1 125 1 123 0
1 311 1 124 0
1 355 1 125 0
1 126 1 692 0
1 127 1 768 0
1 519 1 128 0
1 440 1 129 0
1 130 1 977 0
1 880 1 131 0
1 132 1 657 0
1 803 1 133 0
1 134 1 377 0
1 480 1 135 0
1 709 1 136 0
1 137 1 431 0
1 138 1 600 0
1 1208 1 139 0
1 465 1 140 0
1 35 1 141 0
1 945 1 142 0
1 1208 1 143 0
1 59 1 144 0
1 145 1 78 0
1 146 1 245 0
1 147 1 749 0
1 148 1 907 0
1 1046 1 149 0
1 645 1 150 0
1 1160 1 151 0
1 608 1 152 0
1 153 1 46 0
1 346 1 154 0
1 155 1 660 0
1 156 1 1036 0
1 898 1 157 0
1 300 1 158 0
1 159 1 536 0
1 219 1 160 0
1 261 1 161 0
1 162 1 1197 0
1 734 1 163 0
1 164 1 326 0
1 89 1 165 0
1 140 1 166 0
1 167 1 1253 0
1 1072 1 168 0
1 431 1 169 0
1 170 1 1040 0
1 171 1 1283 0
1 172 1 1135 0
1 86 1 173 0
1 1058 1 174 0
1 175 1 537 0
1 176 1 934 0
1 177 1 365 0
1 178 1 84 0
1 507 1 179 0
1 769 1 180 0
1 181 1 1314 0
1 182 1 1044 0
1 1161 1 183 0
1 184 1 585 0
1 185 1 25 0
1 391 1 186 0
1 187 1 793 0
1 188 1 818 0
1 189 1 919 0
1 573 1 190 0
1 191 1 483 0
1 1285 1 192 0
1 620 1 193 0
1 194 1 1330 0
1 1181 1 195 0
1 196 1 1130 0
1 197 1 990 0
1 198 1 111 0
1 583 1 199 0
1 560 1 200 0
1 201 1 937 0
1 534 1 202 0
1 894 1 203 0
1 599 1 204 0
1 373 1 205 0
1 206 1 1077 0
1 785 1 207 0
1 121 1 208 0
1 209 1 932 0
1 569 1 210 0
1 211 1 969 0
1 212 1 1144 0
1 213 1 1081 0
1 1251 1 214 0
1 215 1 760 0
1 216 1 528 0
1 217 1 676 0
1 218 1 1028 0
1 299 1 219 0
1 220 1 637 0
1 1174 1 221 0
1 1217 1 222 0
1 117 1 223 0
1 224 1 73 0
1 1008 1 225 0
1 429 1 226 0
1 301 1 227 0
1 228 1 893 0
1 229 1 415 0
1 230 1 378 0
1 616 1 231 0
1 232 1 199 0
1 21 1 233 0
1 234 1 490 0
1 235 1 268 0
1 827 1 236 0
1 237 1 1233 0
1 984 1 238 0
1 642 1 239 0
1 1029 1 240 0
1 241 1 1169 0
1 886 1 242 0
1 527 1 243 0
1 629 1 244 0
1 245 1 491 0
1 1026 1 246 0
1 247 1 1280 0
1 248 1 398 0
1 249 1 1186 0
1 250 1 20 0
1 251 1 332 0
1 864 1 252 0
1 253 1 588 0
1 29 1 254 0
1 395 1 255 0
1 256 1 1225 0
1 257 1 807 0
1 125 1 258 0
1 259 1 266 0
1 260 1 1121 0
1 258 1 261 0
1 262 1 218 0
1 263 1 158 0
1 361 1 264 0
1 265 1 835 0
1 266 1 443 0
1 267 1 486 0
1 805 1 268 0
1 269 1 232 0
1 270 1 910 0
1 960 1 271 0
1 272 1 780 0
1 1327 1 273 0
1 455 1 274 0
1 1115 1 275 0
1 276 1 1192 0
1 1140 1 277 0
1 278 1 1010 0
1 236 1 279 0
1 280 1 1134 0
1 857 1 281 0
1 597 1 282 0
1 526 1 283 0
1 817 1 284 0
1 285 1 1318 0
1 232 1 286 0
1 287 1 514 0
1 985 1 288 0
1 400 1 289 0
1 630 1 290 0
1 834 1 291 0
1 292 1 843 0
1 293 1 874 0
1 294 1 1092 0
1 208 1 295 0
1 645 1 296 0
1 297 1 793 0
1 298 1 607 0
1 299 1 1211 0
1 300 1 934 0
1 301 1 266 0
1 9 1 302 0
1 303 1 630 0
1 1033 1 304 0
1 580 1 305 0
1 1011 1 306 0
1 1134 1 307 0
1 308 1 1059 0
1 309 1 1328 0
1 1181 1 310 0
1 311 1 130 0
1 312 1 470 0
1 313 1 433 0
1 314 1 352 0
1 1012 1 315 0
1 396 1 316 0
1 317 1 573 0
1 318 1 496 0
1 1069 1 319 0
1 320 1 697 0
1 321 1 941 0
1 322 1 11 0
1 1246 1 323 0
1 324 1 879 0
1 325 1 3 0
1 849 1 326 0
1 1067 1 327 0
1 328 1 944 0
1 1041 1 329 0
1 330 1 1327 0
1 331 1 783 0
1 269 1 332 0
1 453 1 333 0
1 334 1 625 0
1 335 1 845 0
1 639 1 336 0
1 328 1 337 0
1 900 1 338 0
1 864 1 339 0
1 600 1 340 0
1 341 1 883 0
1 342 1 1011 0
1 343 1 917 0
1 344 1 706 0
1 1198 1 345 0
1 304 1 346 0
1 608 1 347 0
1 41 1 348 0
1 349 1 838 0
1 350 1 535 0
1 135 1 351 0
1 352 1 636 0
1 353 1 1198 0
1 354 1 1305 0
1 355 1 337 0
1 356 1 1107 0
1 357 1 128 0
1 264 1 358 0
1 253 1 359 0
1 175 1 360 0
1 772 1 361 0
1 362 1 1126 0
1 363 1 987 0
1 318 1 364 0
1 365 1 921 0
1 886 1 366 0
1 321 1 367 0
1 363 1 368 0
1 1287 1 369 0
1 368 1 370 0
1 521 1 371 0
1 372 1 1158 0
1 319 1 373 0
1 920 1 374 0
1 1159 1 375 0
1 566 1 376 0
1 377 1 278 0
1 378 1 690 0
1 379 1 170 0
1 144 1 380 0
1 381 1 916 0
1 49 1 382 0
1 859 1 383 0
1 384 1 991 0
1 1150 1 385 0
1 644 1 386 0
1 387 1 638 0
1 388 1 1267 0
1 389 1 856 0
1 390 1 593 0
1 1189 1 391 0
1 639 1 392 0
1 1209 1 393 0
1 70 1 394 0
1 18 1 395 0
1 396 1 1226 0
1 269 1 397 0
1 153 1 398 0
1 399 1 247 0
1 400 1 1060 0
1 401 1 761 0
1 1135 1 402 0
1 743 1 403 0
1 181 1 404 0
1 405 1 196 0
1 406 1 229 0
1 407 1 458 0
1 408 1 1188 0
1 409 1 1033 0
1 360 1 410 0
1 772 1 411 0
1 412 1 1158 0
1 413 1 1156 0
1 1103 1 414 0
1 415 1 1050 0
1 22 1 416 0
1 918 1 417 0
1 495 1 418 0
1 419 1 498 0
1 420 1 1172 0
1 460 1 421 0
1 422 1 166 0
1 1046 1 423 0
1 563 1 424 0
1 425 1 1166 0
1 989 1 426 0
1 427 1 187 0
1 428 1 485 0
1 429 1 902 0
1 430 1 952 0
1 431 1 1254 0
1 432 1 5 0
1 1196 1 433 0
1 549 1 434 0
1 555 1 435 0
1 436 1 1289 0
1 437 1 583 0
1 919 1 438 0
1 439 1 1194 0
1 1237 1 440 0
1 1209 1 441 0
1 1121 1 442 0
1 443 1 870 0
1 1009 1 444 0
1 445 1 398 0
1 446 1 815 0
1 490 1 447 0
1 706 1 448 0
1 449 1 1043 0
1 1208 1 450 0
1 466 1 451 0
1 282 1 452 0
1 453 1 1119 0
1 499 1 454 0
1 455 1 1057 0
1 456 1 1327 0
1 1066 1 457 0
1 959 1 458 0
1 1050 1 459 0
1 460 1 1247 0
1 461 1 251 0
1 752 1 462 0
1 463 1 1027 0
1 1344 1 464 0
1 58 1 465 0
1 466 1 997 0
1 467 1 1327 0
1 351 1 468 0
1 469 1 683 0
1 471 1 470 0
1 471 1 665 0
1 472 1 359 0
1 473 1 612 0
1 474 1 1164 0
1 475 1 1018 0
1 743 1 476 0
1 215 1 477 0
1 478 1 1146 0
1 479 1 1135 0
1 480 1 649 0
1 481 1 570 0
1 824 1 482 0
1 483 1 732 0
1 484 1 677 0
1 485 1 509 0
1 486 1 999 0
1 147 1 487 0
1 1204 1 488 0
1 489 1 170 0
1 1217 1 490 0
1 491 1 1153 0
1 492 1 665 0
1 1173 1 493 0
1 494 1 1283 0
1 495 1 378 0
1 496 1 668 0
1 1257 1 497 0
1 498 1 838 0
1 427 1 499 0
1 404 1 500 0
1 501 1 478 0
1 502 1 664 0
1 62 1 503 0
1 504 1 90 0
1 505 1 258 0
1 292 1 506 0
1 507 1 839 0
1 508 1 418 0
1 509 1 12 0
1 510 1 57 0
1 511 1 582 0
1 512 1 1111 0
1 513 1 875 0
1 993 1 514 0
1 1277 1 515 0
1 516 1 526 0
1 1205 1 517 0
1 518 1 71 0
1 519 1 1338 0
1 973 1 520 0
1 521 1 1235 0
1 753 1 522 0
1 523 1 1209 0
1 524 1 1319 0
1 525 1 1171 0
1 526 1 756 0
1 162 1 527 0
1 528 1 151 0
1 529 1 949 0
1 530 1 173 0
1 148 1 531 0
1 1272 1 532 0
1 533 1 446 0
1 907 1 534 0
1 30 1 535 0
1 536 1 434 0
1 537 1 1039 0
1 762 1 538 0
1 795 1 539 0
1 211 1 540 0
1 541 1 634 0
1 542 1 1109 0
1 543 1 135 0
1 544 1 430 0
1 364 1 545 0
1 546 1 486 0
1 547 1 969 0
1 182 1 548 0
1 549 1 373 0
1 550 1 788 0
1 551 1 1231 0
1 552 1 920 0
1 553 1 113 0
1 325 1 554 0
1 555 1 193 0
1 556 1 841 0
1 557 1 1139 0
1 558 1 1203 0
1 559 1 731 0
1 660 1 560 0
1 843 1 561 0
1 562 1 805 0
1 1037 1 563 0
1 564 1 515 0
1 459 1 565 0
1 1250 1 566 0
1 567 1 703 0
1 568 1 671 0
1 569 1 32 0
1 570 1 518 0
1 498 1 571 0
1 572 1 1279 0
1 421 1 573 0
1 1194 1 574 0
1 575 1 162 0
1 576 1 921 0
1 577 1 1212 0
1 578 1 1198 0
1 579 1 202 0
1 580 1 280 0
1 581 1 519 0
1 582 1 253 0
1 1296 1 583 0
1 1024 1 584 0
1 585 1 600 0
1 586 1 488 0
1 587 1 23 0
1 1150 1 588 0
1 16 1 589 0
1 684 1 590 0
1 306 1 591 0
1 1239 1 592 0
1 593 1 1231 0
1 594 1 1046 0
1 1236 1 595 0
1 596 1 388 0
1 597 1 1163 0
1 598 1 1117 0
1 390 1 599 0
1 600 1 15 0
1 601 1 145 0
1 602 1 1235 0
1 770 1 603 0
1 591 1 604 0
1 886 1 605 0
1 439 1 606 0
1 607 1 1117 0
1 608 1 203 0
1 609 1 726 0
1 610 1 520 0
1 52 1 611 0
1 612 1 940 0
1 613 1 187 0
1 1201 1 614 0
1 1154 1 615 0
1 947 1 616 0
1 617 1 1166 0
1 618 1 1304 0
1 619 1 926 0
1 620 1 599 0
1 621 1 21 0
1 622 1 1148 0
1 623 1 1008 0
1 451 1 624 0
1 1166 1 625 0
1 626 1 727 0
1 190 1 627 0
1 763 1 628 0
1 629 1 1298 0
1 981 1 630 0
1 631 1 1127 0
1 632 1 988 0
1 633 1 935 0
1 634 1 873 0
1 125 1 635 0
1 421 1 636 0
1 958 1 637 0
1 638 1 828 0
1 639 1 1084 0
1 640 1 634 0
1 147 1 641 0
1 642 1 1223 0
1 643 1 993 0
1 644 1 583 0
1 645 1 614 0
1 1298 1 646 0
1 1055 1 647 0
1 648 1 369 0
1 696 1 649 0
1 650 1 945 0
1 651 1 414 0
1 1026 1 652 0
1 653 1 702 0
1 654 1 954 0
1 655 1 647 0
1 656 1 614 0
1 1124 1 657 0
1 658 1 85 0
1 659 1 1001 0
1 1318 1 660 0
1 661 1 78 0
1 662 1 427 0
1 1304 1 663 0
1 679 1 664 0
1 665 1 791 0
1 666 1 825 0
1 667 1 289 0
1 668 1 350 0
1 669 1 579 0
1 670 1 222 0
1 670 1 671 0
1 672 1 275 0
1 183 1 673 0
1 674 1 1251 0
1 307 1 675 0
1 132 1 676 0
1 677 1 56 0
1 678 1 1300 0
1 212 1 679 0
1 680 1 1273 0
1 681 1 177 0
1 1005 1 682 0
1 484 1 683 0
1 684 1 148 0
1 114 1 685 0
1 686 1 142 0
1 687 1 248 0
1 688 1 786 0
1 689 1 123 0
1 690 1 254 0
1 189 1 691 0
1 692 1 1202 0
1 693 1 192 0
1 694 1 13 0
1 695 1 480 0
1 698 1 696 0
1 697 1 680 0
1 377 1 698 0
1 969 1 699 0
1 953 1 700 0
1 701 1 400 0
1 702 1 1068 0
1 226 1 703 0
1 1343 1 704 0
1 705 1 954 0
1 706 1 1024 0
1 1059 1 707 0
1 708 1 1094 0
1 1210 1 709 0
1 710 1 883 0
1 711 1 943 0
1 712 1 444 0
1 297 1 713 0
1 845 1 714 0
1 532 1 715 0
1 961 1 716 0
1 1112 1 717 0
1 91 1 718 0
1 719 1 31 0
1 890 1 720 0
1 990 1 721 0
1 722 1 254 0
1 1119 1 723 0
1 724 1 1154 0
1 218 1 725 0
1 726 1 1304 0
1 1049 1 727 0
1 728 1 1121 0
1 729 1 143 0
1 755 1 730 0
1 731 1 988 0
1 1327 1 732 0
1 733 1 895 0
1 734 1 86 0
1 735 1 562 0
1 736 1 704 0
1 84 1 737 0
1 1277 1 738 0
1 739 1 349 0
1 673 1 740 0
1 1100 1 741 0
1 742 1 538 0
1 1128 1 743 0
1 744 1 686 0
1 745 1 540 0
1 746 1 65 0
1 82 1 747 0
1 834 1 748 0
1 964 1 749 0
1 750 1 1015 0
1 751 1 855 0
1 873 1 752 0
1 310 1 753 0
1 754 1 1212 0
1 755 1 239 0
1 712 1 756 0
1 347 1 757 0
1 758 1 640 0
1 759 1 1120 0
1 478 1 760 0
1 958 1 761 0
1 762 1 802 0
1 135 1 763 0
1 764 1 90 0
1 233 1 765 0
1 766 1 141 0
1 767 1 1251 0
1 306 1 768 0
1 769 1 240 0
1 410 1 770 0
1 771 1 1077 0
1 772 1 565 0
1 245 1 773 0
1 794 1 774 0
1 775 1 853 0
1 1338 1 776 0
1 777 1 476 0
1 994 1 778 0
1 779 1 725 0
1 780 1 735 0
1 781 1 986 0
1 782 1 863 0
1 745 1 783 0
1 784 1 1340 0
1 268 1 785 0
1 11 1 786 0
1 787 1 1042 0
1 1303 1 788 0
1 789 1 694 0
1 986 1 790 0
1 791 1 1293 0
1 621 1 792 0
1 793 1 933 0
1 242 1 794 0
1 1268 1 795 0
1 590 1 796 0
1 559 1 797 0
1 756 1 798 0
1 1322 1 799 0
1 459 1 800 0
1 100 1 801 0
1 802 1 650 0
1 803 1 418 0
1 804 1 146 0
1 310 1 805 0
1 1134 1 806 0
1 807 1 906 0
1 555 1 808 0
1 1255 1 809 0
1 810 1 672 0
1 1317 1 811 0
1 755 1 812 0
1 813 1 348 0
1 814 1 733 0
1 920 1 815 0
1 102 1 816 0
1 817 1 1313 0
1 818 1 1115 0
1 819 1 1345 0
1 279 1 820 0
1 534 1 821 0
1 822 1 729 0
1 870 1 823 0
1 1185 1 824 0
1 1132 1 825 0
1 826 1 751 0
1 909 1 827 0
1 828 1 20 0
1 407 1 829 0
1 94 1 830 0
1 831 1 542 0
1 832 1 249 0
1 833 1 520 0
1 431 1 834 0
1 351 1 835 0
1 836 1 689 0
1 654 1 837 0
1 305 1 838 0
1 484 1 839 0
1 1234 1 840 0
1 841 1 808 0
1 405 1 842 0
1 336 1 843 0
1 290 1 844 0
1 845 1 877 0
1 846 1 879 0
1 847 1 67 0
1 897 1 848 0
1 849 1 580 0
1 1040 1 850 0
1 851 1 1182 0
1 852 1 445 0
1 32 1 853 0
1 697 1 854 0
1 527 1 855 0
1 856 1 368 0
1 366 1 857 0
1 858 1 868 0
1 25 1 859 0
1 860 1 980 0
1 861 1 1120 0
1 911 1 862 0
1 1137 1 863 0
1 864 1 525 0
1 865 1 89 0
1 866 1 418 0
1 867 1 460 0
1 709 1 868 0
1 365 1 869 0
1 397 1 870 0
1 1141 1 871 0
1 906 1 872 0
1 1228 1 873 0
1 874 1 133 0
1 861 1 875 0
1 460 1 876 0
1 877 1 1120 0
1 937 1 878 0
1 879 1 557 0
1 705 1 880 0
1 198 1 881 0
1 948 1 882 0
1 153 1 883 0
1 802 1 884 0
1 885 1 138 0
1 165 1 886 0
1 887 1 211 0
1 888 1 513 0
1 1042 1 889 0
1 178 1 890 0
1 891 1 1256 0
1 892 1 88 0
1 893 1 657 0
1 380 1 894 0
1 895 1 352 0
1 896 1 1101 0
1 897 1 1217 0
1 211 1 898 0
1 899 1 779 0
1 1228 1 900 0
1 901 1 110 0
1 1010 1 902 0
1 903 1 173 0
1 1244 1 904 0
1 905 1 1232 0
1 906 1 1097 0
1 1203 1 907 0
1 908 1 880 0
1 560 1 909 0
1 910 1 652 0
1 911 1 1044 0
1 912 1 879 0
1 614 1 913 0
1 940 1 914 0
1 915 1 1140 0
1 674 1 916 0
1 71 1 917 0
1 967 1 918 0
1 208 1 919 0
1 920 1 303 0
1 618 1 921 0
1 892 1 922 0
1 923 1 355 0
1 1112 1 924 0
1 925 1 1042 0
1 1298 1 926 0
1 1247 1 927 0
1 232 1 928 0
1 1312 1 929 0
1 134 1 930 0
1 931 1 1339 0
1 451 1 932 0
1 933 1 845 0
1 444 1 934 0
1 1168 1 935 0
1 259 1 936 0
1 937 1 1117 0
1 714 1 938 0
1 123 1 939 0
1 940 1 327 0
1 941 1 612 0
1 330 1 942 0
1 943 1 466 0
1 996 1 944 0
1 945 1 1133 0
1 217 1 946 0
1 947 1 1173 0
1 948 1 1206 0
1 865 1 949 0
1 529 1 950 0
1 951 1 115 0
1 952 1 1114 0
1 1330 1 953 0
1 267 1 954 0
1 955 1 1021 0
1 956 1 487 0
1 948 1 957 0
1 958 1 647 0
1 764 1 959 0
1 614 1 960 0
1 820 1 961 0
1 962 1 1230 0
1 150 1 963 0
1 1263 1 964 0
1 965 1 254 0
1 966 1 889 0
1 860 1 967 0
1 911 1 968 0
1 969 1 336 0
1 970 1 881 0
1 680 1 971 0
1 82 1 972 0
1 331 1 973 0
1 879 1 974 0
1 1220 1 975 0
1 976 1 801 0
1 206 1 977 0
1 978 1 1349 0
1 6 1 979 0
1 1092 1 980 0
1 981 1 1331 0
1 982 1 1184 0
1 108 1 983 0
1 984 1 328 0
1 985 1 148 0
1 910 1 986 0
1 987 1 772 0
1 988 1 832 0
1 989 1 1273 0
1 633 1 990 0
1 855 1 991 0
1 992 1 981 0
1 465 1 993 0
1 998 1 994 0
1 995 1 232 0
1 1132 1 996 0
1 721 1 997 0
1 1098 1 998 0
1 199 1 999 0
1 207 1 1000 0
1 1001 1 1219 0
1 588 1 1002 0
1 1003 1 911 0
1 1004 1 120 0
1 1005 1 660 0
1 1006 1 430 0
1 36 1 1007 0
1 1008 1 889 0
1 1009 1 235 0
1 1010 1 810 0
1 58 1 1011 0
1 547 1 1012 0
1 256 1 1013 0
1 117 1 1014 0
1 1015 1 139 0
1 1016 1 474 0
1 1017 1 394 0
1 1018 1 777 0
1 1310 1 1019 0
1 1085 1 1020 0
1 1021 1 1033 0
1 140 1 1022 0
1 1023 1 144 0
1 1024 1 419 0
1 1025 1 1154 0
1 387 1 1026 0
1 615 1 1027 0
1 1028 1 351 0
1 1101 1 1029 0
1 386 1 1030 0
1 859 1 1031 0
1 1077 1 1032 0
1 1033 1 519 0
1 317 1 1034 0
1 448 1 1035 0
1 1036 1 944 0
1 703 1 1037 0
1 1038 1 179 0
1 1039 1 241 0
1 1040 1 811 0
1 1041 1 902 0
1 1147 1 1042 0
1 1043 1 586 0
1 1044 1 420 0
1 1045 1 906 0
1 915 1 1046 0
1 1047 1 351 0
1 11 1 1048 0
1 580 1 1049 0
1 1050 1 657 0
1 373 1 1051 0
1 625 1 1052 0
1 1053 1 759 0
1 171 1 1054 0
1 1055 1 674 0
1 1056 1 431 0
1 1057 1 1192 0
1 369 1 1058 0
1 293 1 1059 0
1 1060 1 330 0
1 216 1 1061 0
1 490 1 1062 0
1 960 1 1063 0
1 197 1 1064 0
1 275 1 1065 0
1 1066 1 1286 0
1 568 1 1067 0
1 1342 1 1068 0
1 990 1 1069 0
1 1070 1 826 0
1 1049 1 1071 0
1 1290 1 1072 0
1 594 1 1073 0
1 332 1 1074 0
1 1075 1 496 0
1 1076 1 565 0
1 223 1 1077 0
1 473 1 1078 0
1 1079 1 976 0
1 1198 1 1080 0
1 408 1 1081 0
1 1082 1 533 0
1 1083 1 197 0
1 202 1 1084 0
1 1085 1 463 0
1 985 1 1086 0
1 1087 1 313 0
1 426 1 1088 0
1 1089 1 401 0
1 816 1 1090 0
1 1091 1 1269 0
1 1092 1 1042 0
1 529 1 1093 0
1 1094 1 688 0
1 1095 1 714 0
1 1298 1 1096 0
1 12 1 1097 0
1 1098 1 1084 0
1 1099 1 551 0
1 168 1 1100 0
1 969 1 1101 0
1 22 1 1102 0
1 162 1 1103 0
1 1104 1 1113 0
1 169 1 1105 0
1 1106 1 1333 0
1 1107 1 1349 0
1 1108 1 698 0
1 307 1 1109 0
1 1110 1 408 0
1 420 1 1111 0
1 181 1 1112 0
1 1113 1 734 0
1 226 1 1114 0
1 761 1 1115 0
1 1116 1 1150 0
1 1117 1 455 0
1 877 1 1118 0
1 1118 1 1119 0
1 1120 1 227 0
1 1321 1 1121 0
1 1122 1 159 0
1 1312 1 1123 0
1 1124 1 512 0
1 1216 1 1125 0
1 1126 1 1164 0
1 427 1 1127 0
1 279 1 1128 0
1 1075 1 1129 0
1 434 1 1130 0
1 1131 1 490 0
1 8 1 1132 0
1 1133 1 260 0
1 668 1 1134 0
1 1135 1 297 0
1 954 1 1136 0
1 12 1 1137 0
1 892 1 1138 0
1 732 1 1139 0
1 1140 1 303 0
1 869 1 1141 0
1 1212 1 1142 0
1 1143 1 663 0
1 1144 1 669 0
1 1145 1 999 0
1 1146 1 49 0
1 1147 1 906 0
1 1076 1 1148 0
1 1149 1 785 0
1 1150 1 265 0
1 1151 1 992 0
1 1152 1 491 0
1 1163 1 1153 0
1 793 1 1154 0
1 1155 1 1001 0
1 1156 1 870 0
1 1157 1 989 0
1 520 1 1158 0
1 1159 1 478 0
1 921 1 1160 0
1 1063 1 1161 0
1 1311 1 1162 0
1 1163 1 1159 0
1 206 1 1164 0
1 1165 1 1337 0
1 1040 1 1166 0
1 1167 1 809 0
1 919 1 1168 0
1 1169 1 1273 0
1 432 1 1170 0
1 428 1 1171 0
1 744 1 1172 0
1 1173 1 1102 0
1 89 1 1174 0
1 1175 1 195 0
1 1176 1 637 0
1 1177 1 1201 0
1 1178 1 555 0
1 1179 1 194 0
1 1180 1 1154 0
1 503 1 1181 0
1 1182 1 913 0
1 1183 1 623 0
1 1184 1 280 0
1 1185 1 457 0
1 1186 1 1288 0
1 1187 1 544 0
1 708 1 1188 0
1 341 1 1189 0
1 76 1 1190 0
1 1191 1 804 0
1 1192 1 849 0
1 1193 1 1235 0
1 879 1 1194 0
1 1195 1 723 0
1 1196 1 500 0
1 1197 1 784 0
1 1198 1 62 0
1 1199 1 512 0
1 1200 1 477 0
1 728 1 1201 0
1 1202 1 1203 0
1 1203 1 527 0
1 78 1 1204 0
1 465 1 1205 0
1 463 1 1206 0
1 1207 1 958 0
1 759 1 1208 0
1 445 1 1209 0
1 360 1 1210 0
1 1211 1 521 0
1 1212 1 572 0
1 1213 1 501 0
1 1214 1 402 0
1 668 1 1215 0
1 1216 1 1268 0
1 527 1 1217 0
1 1218 1 323 0
1 1332 1 1219 0
1 1220 1 139 0
1 1221 1 213 0
1 433 1 1222 0
1 429 1 1223 0
1 1224 1 383 0
1 1225 1 484 0
1 1226 1 1062 0
1 733 1 1227 0
1 568 1 1228 0
1 800 1 1229 0
1 1230 1 721 0
1 1231 1 9 0
1 399 1 1232 0
1 748 1 1233 0
1 1234 1 362 0
1 693 1 1235 0
1 1236 1 686 0
1 999 1 1237 0
1 1324 1 1238 0
1 488 1 1239 0
1 1080 1 1240 0
1 1241 1 276 0
1 1242 1 256 0
1 1253 1 1243 0
1 423 1 1244 0
1 1072 1 1245 0
1 1246 1 1104 0
1 536 1 1247 0
1 721 1 1248 0
1 1249 1 1156 0
1 118 1 1250 0
1 1251 1 864 0
1 778 1 1252 0
1 763 1 1253 0
1 368 1 1254 0
1 1255 1 848 0
1 711 1 1256 0
1 1257 1 576 0
1 1258 1 832 0
1 505 1 1259 0
1 112 1 1260 0
1 1170 1 1261 0
1 1262 1 1160 0
1 1263 1 668 0
1 657 1 1264 0
1 1265 1 374 0
1 1266 1 931 0
1 1267 1 1285 0
1 269 1 1268 0
1 1269 1 808 0
1 1270 1 1317 0
1 1253 1 1271 0
1 1272 1 1202 0
1 911 1 1273 0
1 621 1 1274 0
1 451 1 1275 0
1 1276 1 212 0
1 1277 1 272 0
1 1278 1 809 0
1 1279 1 369 0
1 1280 1 137 0
1 764 1 1281 0
1 1014 1 1282 0
1 1283 1 1067 0
1 1129 1 1284 0
1 451 1 1285 0
1 1173 1 1286 0
1 1287 1 163 0
1 1288 1 535 0
1 1289 1 80 0
1 36 1 1290 0
1 1291 1 1129 0
1 1056 1 1292 0
1 1293 1 494 0
1 345 1 1294 0
1 861 1 1295 0
1 1103 1 1296 0
1 1297 1 735 0
1 1210 1 1298 0
1 1299 1 851 0
1 1300 1 1305 0
1 1301 1 178 0
1 439 1 1302 0
1 1303 1 256 0
1 446 1 1304 0
1 1305 1 1297 0
1 1306 1 937 0
1 1307 1 1208 0
1 908 1 1308 0
1 1309 1 706 0
1 899 1 1310 0
1 1311 1 1167 0
1 1312 1 1104 0
1 1313 1 126 0
1 1314 1 448 0
1 1315 1 450 0
1 709 1 1316 0
1 885 1 1317 0
1 1318 1 270 0
1 1319 1 253 0
1 1320 1 339 0
1 281 1 1321 0
1 1322 1 744 0
1 1323 1 648 0
1 1324 1 1331 0
1 1325 1 1164 0
1 802 1 1326 0
1 1327 1 35 0
1 1316 1 1328 0
1 1329 1 801 0
1 1330 1 30 0
1 1331 1 515 0
1 784 1 1332 0
1 1333 1 39 0
1 1334 1 762 0
1 372 1 1335 0
1 550 1 1336 0
1 1337 1 179 0
1 62 1 1338 0
1 396 1 1339 0
1 684 1 1340 0
1 1341 1 755 0
1 1342 1 583 0
1 142 1 1343 0
1 1301 1 1344 0
1 1345 1 574 0
1 117 1 1346 0
1 468 1 1347 0
1 542 1 1348 0
1 1349 1 216 0
1 1350 1 285 0
