900 900
1 1 1 74 0
1 10 1 2 0
1 3 1 313 0
1 459 1 4 0
1 250 1 5 0
1 6 1 284 0
1 7 1 264 0
1 136 1 8 0
1 9 1 300 0
1 591 1 10 0
1 11 1 95 0
1 12 1 171 0
1 13 1 280 0
1 14 1 285 0
1 15 1 609 0
1 370 1 16 0
1 221 1 17 0
1 104 1 18 0
1 19 1 883 0
1 20 1 305 0
1 21 1 702 0
1 810 1 22 0
1 23 1 600 0
1 24 1 158 0
1 40 1 25 0
1 26 1 35 0
1 336 1 27 0
1 765 1 28 0
1 527 1 29 0
1 30 1 871 0
1 31 1 776 0
1 32 1 321 0
1 549 1 33 0
1 719 1 34 0
1 453 1 35 0
1 367 1 36 0
1 37 1 298 0
1 533 1 38 0
1 39 1 251 0
1 477 1 40 0
1 41 1 353 0
1 203 1 42 0
1 698 1 43 0
1 545 1 44 0
1 260 1 45 0
1 22 1 46 0
1 47 1 227 0
1 215 1 48 0
1 629 1 49 0
1 17 1 50 0
1 98 1 51 0
1 484 1 52 0
1 53 1 445 0
1 54 1 734 0
1 55 1 318 0
1 56 1 30 0
1 524 1 57 0
1 58 1 309 0
1 59 1 708 0
1 479 1 60 0
1 61 1 798 0
1 62 1 215 0
1 63 1 876 0
1 64 1 665 0
1 124 1 65 0
1 580 1 66 0
1 747 1 67 0
1 628 1 68 0
1 69 1 313 0
1 14 1 70 0
1 71 1 254 0
1 420 1 72 0
1 430 1 73 0
1 74 1 105 0
1 381 1 75 0
1 738 1 76 0
1 470 1 77 0
1 627 1 78 0
1 663 1 79 0
1 461 1 80 0
1 736 1 81 0
1 654 1 82 0
1 587 1 83 0
1 608 1 84 0
1 638 1 85 0
1 446 1 86 0
1 814 1 87 0
1 827 1 88 0
1 526 1 89 0
1 527 1 90 0
1 91 1 9 0
1 120 1 92 0
1 93 1 280 0
1 202 1 94 0
1 95 1 61 0
1 112 1 96 0
1 97 1 426 0
1 98 1 580 0
1 99 1 836 0
1 100 1 684 0
1 101 1 363 0
1 102 1 860 0
1 538 1 103 0
1 104 1 203 0
1 105 1 861 0
1 265 1 106 0
1 136 1 107 0
1 108 1 54 0
1 560 1 109 0
1 110 1 669 0
1 111 1 745 0
1 9 1 112 0
1 866 1 113 0
1 91 1 114 0
1 601 1 115 0
1 772 1 116 0
1 117 1 796 0
1 632 1 118 0
1 119 1 733 0
1 248 1 120 0
1 121 1 808 0
1 564 1 122 0
1 123 1 313 0
1 847 1 124 0
1 692 1 125 0
1 792 1 126 0
1 127 1 739 0
1 128 1 413 0
1 246 1 129 0
1 161 1 130 0
1 133 1 131 0
1 657 1 132 0
1 133 1 95 0
1 134 1 524 0
1 135 1 693 0
1 371 1 136 0
1 34 1 137 0
1 59 1 138 0
1 402 1 139 0
1 542 1 140 0
1 174 1 141 0
1 320 1 142 0
1 124 1 143 0
1 144 1 752 0
1 145 1 95 0
1 146 1 713 0
1 147 1 19 0
1 50 1 148 0
1 149 1 459 0
1 464 1 150 0
1 151 1 239 0
1 152 1 213 0
1 443 1 153 0
1 154 1 159 0
1 155 1 455 0
1 156 1 557 0
1 193 1 157 0
1 158 1 872 0
1 711 1 159 0
1 605 1 160 0
1 878 1 161 0
1 162 1 832 0
1 163 1 723 0
1 164 1 564 0
1 579 1 165 0
1 166 1 243 0
1 143 1 167 0
1 168 1 453 0
1 13 1 169 0
1 170 1 606 0
1 52 1 171 0
1 814 1 172 0
1 534 1 173 0
1 174 1 366 0
1 169 1 175 0
1 308 1 176 0
1 174 1 177 0
1 359 1 178 0
1 179 1 166 0
1 790 1 180 0
1 181 1 288 0
1 182 1 380 0
1 183 1 250 0
1 184 1 716 0
1 713 1 185 0
1 328 1 186 0
1 818 1 187 0
1 188 1 665 0
1 189 1 574 0
1 481 1 190 0
1 867 1 191 0
1 192 1 342 0
1 193 1 424 0
1 194 1 585 0
1 195 1 682 0
1 196 1 675 0
1 223 1 197 0
1 687 1 198 0
1 199 1 737 0
1 200 1 193 0
1 201 1 765 0
1 350 1 202 0
1 894 1 203 0
1 757 1 204 0
1 205 1 668 0
1 206 1 388 0
1 280 1 207 0
1 208 1 661 0
1 209 1 61 0
1 262 1 210 0
1 22 1 211 0
1 212 1 619 0
1 153 1 213 0
1 726 1 214 0
1 473 1 215 0
1 216 1 569 0
1 217 1 207 0
1 713 1 218 0
1 219 1 5 0
1 220 1 202 0
1 759 1 221 0
1 222 1 297 0
1 201 1 223 0
1 224 1 96 0
1 750 1 225 0
1 226 1 729 0
1 833 1 227 0
1 343 1 228 0
1 779 1 229 0
1 423 1 230 0
1 231 1 610 0
1 626 1 232 0
1 119 1 233 0
1 330 1 234 0
1 296 1 235 0
1 270 1 236 0
1 237 1 860 0
1 238 1 2 0
1 239 1 166 0
1 84 1 240 0
1 241 1 169 0
1 210 1 242 0
1 243 1 836 0
1 244 1 469 0
1 245 1 521 0
1 246 1 559 0
1 849 1 247 0
1 248 1 337 0
1 249 1 520 0
1 725 1 250 0
1 251 1 401 0
1 252 1 670 0
1 253 1 355 0
1 254 1 564 0
1 255 1 357 0
1 36 1 256 0
1 659 1 257 0
1 785 1 258 0
1 475 1 259 0
1 260 1 327 0
1 261 1 211 0
1 262 1 153 0
1 275 1 263 0
1 264 1 521 0
1 180 1 265 0
1 266 1 441 0
1 469 1 267 0
1 446 1 268 0
1 709 1 269 0
1 755 1 270 0
1 269 1 271 0
1 441 1 272 0
1 657 1 273 0
1 207 1 274 0
1 275 1 316 0
1 276 1 51 0
1 277 1 796 0
1 139 1 278 0
1 778 1 279 0
1 654 1 280 0
1 281 1 824 0
1 615 1 282 0
1 283 1 834 0
1 732 1 284 0
1 285 1 485 0
1 736 1 286 0
1 873 1 287 0
1 835 1 288 0
1 289 1 719 0
1 290 1 598 0
1 291 1 566 0
1 292 1 789 0
1 371 1 293 0
1 294 1 456 0
1 403 1 295 0
1 296 1 434 0
1 682 1 297 0
1 26 1 298 0
1 135 1 299 0
1 300 1 108 0
1 301 1 620 0
1 269 1 302 0
1 288 1 303 0
1 687 1 304 0
1 305 1 820 0
1 368 1 306 0
1 307 1 498 0
1 626 1 308 0
1 37 1 309 0
1 310 1 128 0
1 783 1 311 0
1 11 1 312 0
1 75 1 313 0
1 314 1 762 0
1 315 1 783 0
1 316 1 739 0
1 317 1 579 0
1 318 1 55 0
1 319 1 887 0
1 320 1 651 0
1 732 1 321 0
1 543 1 322 0
1 555 1 323 0
1 307 1 324 0
1 592 1 325 0
1 326 1 210 0
1 58 1 327 0
1 482 1 328 0
1 699 1 329 0
1 330 1 890 0
1 182 1 331 0
1 332 1 165 0
1 576 1 333 0
1 32 1 334 0
1 335 1 75 0
1 703 1 336 0
1 685 1 337 0
1 338 1 221 0
1 738 1 339 0
1 870 1 340 0
1 759 1 341 0
1 342 1 698 0
1 428 1 343 0
1 344 1 297 0
1 482 1 345 0
1 346 1 3 0
1 795 1 347 0
1 348 1 810 0
1 349 1 626 0
1 350 1 298 0
1 351 1 527 0
1 352 1 400 0
1 353 1 798 0
1 354 1 625 0
1 299 1 355 0
1 356 1 131 0
1 357 1 758 0
1 129 1 358 0
1 359 1 737 0
1 100 1 360 0
1 101 1 361 0
1 750 1 362 0
1 363 1 17 0
1 591 1 364 0
1 649 1 365 0
1 44 1 366 0
1 535 1 367 0
1 154 1 368 0
1 485 1 369 0
1 81 1 370 0
1 861 1 371 0
1 372 1 688 0
1 784 1 373 0
1 374 1 629 0
1 714 1 375 0
1 376 1 290 0
1 106 1 377 0
1 566 1 378 0
1 336 1 379 0
1 380 1 114 0
1 381 1 646 0
1 382 1 567 0
1 383 1 248 0
1 384 1 857 0
1 385 1 866 0
1 386 1 609 0
1 146 1 387 0
1 660 1 388 0
1 401 1 389 0
1 92 1 390 0
1 253 1 391 0
1 405 1 392 0
1 300 1 393 0
1 119 1 394 0
1 695 1 395 0
1 806 1 396 0
1 429 1 397 0
1 398 1 806 0
1 399 1 354 0
1 518 1 400 0
1 303 1 401 0
1 402 1 860 0
1 434 1 403 0
1 769 1 404 0
1 424 1 405 0
1 406 1 809 0
1 519 1 407 0
1 511 1 408 0
1 409 1 317 0
1 410 1 833 0
1 258 1 411 0
1 871 1 412 0
1 413 1 468 0
1 414 1 73 0
1 415 1 576 0
1 843 1 416 0
1 126 1 417 0
1 888 1 418 0
1 136 1 419 0
1 420 1 733 0
1 421 1 49 0
1 532 1 422 0
1 424 1 423 0
1 226 1 424 0
1 369 1 425 0
1 426 1 421 0
1 458 1 427 0
1 122 1 428 0
1 429 1 490 0
1 528 1 430 0
1 431 1 125 0
1 825 1 432 0
1 5 1 433 0
1 434 1 577 0
1 447 1 435 0
1 306 1 436 0
1 394 1 437 0
1 438 1 436 0
1 439 1 890 0
1 237 1 440 0
1 360 1 441 0
1 278 1 442 0
1 443 1 515 0
1 444 1 809 0
1 474 1 445 0
1 446 1 497 0
1 447 1 603 0
1 448 1 381 0
1 671 1 449 0
1 851 1 450 0
1 451 1 669 0
1 475 1 452 0
1 486 1 453 0
1 454 1 113 0
1 455 1 261 0
1 456 1 499 0
1 457 1 131 0
1 458 1 378 0
1 576 1 459 0
1 737 1 460 0
1 443 1 461 0
1 871 1 462 0
1 897 1 463 0
1 464 1 852 0
1 20 1 465 0
1 196 1 466 0
1 680 1 467 0
1 368 1 468 0
1 358 1 469 0
1 280 1 470 0
1 336 1 471 0
1 273 1 472 0
1 483 1 473 0
1 253 1 474 0
1 323 1 475 0
1 476 1 552 0
1 477 1 329 0
1 478 1 594 0
1 11 1 479 0
1 80 1 480 0
1 481 1 496 0
1 758 1 482 0
1 78 1 483 0
1 108 1 484 0
1 447 1 485 0
1 486 1 445 0
1 43 1 487 0
1 488 1 116 0
1 703 1 489 0
1 222 1 490 0
1 491 1 467 0
1 798 1 492 0
1 199 1 493 0
1 614 1 494 0
1 495 1 435 0
1 303 1 496 0
1 569 1 497 0
1 498 1 583 0
1 499 1 252 0
1 500 1 871 0
1 634 1 501 0
1 502 1 212 0
1 503 1 620 0
1 355 1 504 0
1 491 1 505 0
1 637 1 506 0
1 507 1 789 0
1 508 1 276 0
1 109 1 509 0
1 22 1 510 0
1 511 1 376 0
1 512 1 869 0
1 513 1 548 0
1 514 1 596 0
1 515 1 97 0
1 516 1 887 0
1 517 1 196 0
1 520 1 518 0
1 519 1 716 0
1 520 1 650 0
1 521 1 284 0
1 522 1 466 0
1 523 1 438 0
1 790 1 524 0
1 853 1 525 0
1 526 1 731 0
1 527 1 116 0
1 528 1 353 0
1 520 1 529 0
1 530 1 424 0
1 403 1 531 0
1 435 1 532 0
1 500 1 533 0
1 540 1 534 0
1 535 1 263 0
1 536 1 196 0
1 191 1 537 0
1 538 1 130 0
1 539 1 537 0
1 540 1 824 0
1 125 1 541 0
1 542 1 100 0
1 543 1 581 0
1 544 1 838 0
1 545 1 134 0
1 97 1 546 0
1 547 1 536 0
1 548 1 814 0
1 549 1 893 0
1 803 1 550 0
1 149 1 551 0
1 552 1 72 0
1 553 1 386 0
1 554 1 556 0
1 565 1 555 0
1 556 1 305 0
1 255 1 557 0
1 464 1 558 0
1 559 1 32 0
1 560 1 447 0
1 676 1 561 0
1 107 1 562 0
1 170 1 563 0
1 564 1 535 0
1 565 1 275 0
1 169 1 566 0
1 802 1 567 0
1 461 1 568 0
1 585 1 569 0
1 570 1 637 0
1 571 1 715 0
1 128 1 572 0
1 624 1 573 0
1 574 1 455 0
1 809 1 575 0
1 576 1 247 0
1 577 1 147 0
1 578 1 30 0
1 579 1 224 0
1 580 1 789 0
1 537 1 581 0
1 408 1 582 0
1 583 1 336 0
1 584 1 764 0
1 779 1 585 0
1 45 1 586 0
1 270 1 587 0
1 195 1 588 0
1 872 1 589 0
1 818 1 590 0
1 53 1 591 0
1 592 1 900 0
1 80 1 593 0
1 900 1 594 0
1 595 1 509 0
1 596 1 637 0
1 573 1 597 0
1 598 1 486 0
1 599 1 711 0
1 600 1 448 0
1 288 1 601 0
1 802 1 602 0
1 627 1 603 0
1 604 1 455 0
1 605 1 549 0
1 606 1 334 0
1 607 1 408 0
1 608 1 82 0
1 609 1 454 0
1 610 1 879 0
1 416 1 611 0
1 548 1 612 0
1 188 1 613 0
1 651 1 614 0
1 615 1 470 0
1 616 1 543 0
1 310 1 617 0
1 450 1 618 0
1 619 1 89 0
1 620 1 792 0
1 573 1 621 0
1 622 1 457 0
1 623 1 862 0
1 713 1 624 0
1 847 1 625 0
1 626 1 379 0
1 112 1 627 0
1 628 1 375 0
1 629 1 109 0
1 630 1 562 0
1 391 1 631 0
1 533 1 632 0
1 633 1 263 0
1 554 1 634 0
1 495 1 635 0
1 436 1 636 0
1 295 1 637 0
1 270 1 638 0
1 639 1 224 0
1 640 1 77 0
1 641 1 47 0
1 642 1 364 0
1 29 1 643 0
1 446 1 644 0
1 645 1 551 0
1 799 1 646 0
1 501 1 647 0
1 648 1 262 0
1 284 1 649 0
1 807 1 650 0
1 251 1 651 0
1 652 1 709 0
1 521 1 653 0
1 238 1 654 0
1 655 1 173 0
1 656 1 386 0
1 95 1 657 0
1 658 1 100 0
1 681 1 659 0
1 660 1 553 0
1 661 1 774 0
1 662 1 545 0
1 387 1 663 0
1 664 1 38 0
1 436 1 665 0
1 666 1 661 0
1 116 1 667 0
1 668 1 873 0
1 669 1 148 0
1 670 1 320 0
1 444 1 671 0
1 381 1 672 0
1 685 1 673 0
1 674 1 31 0
1 675 1 749 0
1 676 1 841 0
1 676 1 677 0
1 40 1 678 0
1 679 1 831 0
1 680 1 308 0
1 681 1 135 0
1 682 1 438 0
1 859 1 683 0
1 684 1 494 0
1 2 1 685 0
1 686 1 692 0
1 687 1 751 0
1 459 1 688 0
1 689 1 643 0
1 690 1 354 0
1 691 1 216 0
1 472 1 692 0
1 358 1 693 0
1 694 1 876 0
1 695 1 78 0
1 696 1 880 0
1 697 1 405 0
1 122 1 698 0
1 699 1 495 0
1 700 1 431 0
1 831 1 701 0
1 702 1 305 0
1 703 1 867 0
1 704 1 32 0
1 705 1 717 0
1 457 1 706 0
1 381 1 707 0
1 184 1 708 0
1 474 1 709 0
1 379 1 710 0
1 657 1 711 0
1 608 1 712 0
1 713 1 326 0
1 432 1 714 0
1 715 1 458 0
1 529 1 716 0
1 717 1 465 0
1 718 1 588 0
1 520 1 719 0
1 797 1 720 0
1 721 1 730 0
1 722 1 829 0
1 723 1 46 0
1 724 1 403 0
1 551 1 725 0
1 726 1 319 0
1 727 1 386 0
1 728 1 107 0
1 729 1 769 0
1 602 1 730 0
1 731 1 173 0
1 732 1 884 0
1 618 1 733 0
1 734 1 667 0
1 658 1 735 0
1 736 1 888 0
1 406 1 737 0
1 894 1 738 0
1 739 1 137 0
1 692 1 740 0
1 761 1 741 0
1 332 1 742 0
1 685 1 743 0
1 744 1 238 0
1 745 1 1 0
1 746 1 772 0
1 747 1 713 0
1 748 1 37 0
1 70 1 749 0
1 314 1 750 0
1 751 1 421 0
1 524 1 752 0
1 753 1 556 0
1 754 1 43 0
1 389 1 755 0
1 305 1 756 0
1 428 1 757 0
1 758 1 307 0
1 759 1 416 0
1 215 1 760 0
1 838 1 761 0
1 762 1 35 0
1 467 1 763 0
1 764 1 106 0
1 100 1 765 0
1 838 1 766 0
1 767 1 233 0
1 164 1 768 0
1 769 1 856 0
1 770 1 816 0
1 771 1 18 0
1 473 1 772 0
1 773 1 14 0
1 774 1 491 0
1 121 1 775 0
1 701 1 776 0
1 4 1 777 0
1 576 1 778 0
1 779 1 899 0
1 780 1 243 0
1 518 1 781 0
1 782 1 794 0
1 783 1 201 0
1 784 1 408 0
1 785 1 816 0
1 786 1 663 0
1 600 1 787 0
1 788 1 486 0
1 10 1 789 0
1 790 1 126 0
1 791 1 760 0
1 792 1 460 0
1 793 1 657 0
1 794 1 491 0
1 700 1 795 0
1 796 1 504 0
1 797 1 542 0
1 798 1 178 0
1 799 1 112 0
1 534 1 800 0
1 211 1 801 0
1 775 1 802 0
1 501 1 803 0
1 804 1 827 0
1 740 1 805 0
1 806 1 199 0
1 315 1 807 0
1 895 1 808 0
1 809 1 67 0
1 730 1 810 0
1 811 1 206 0
1 724 1 812 0
1 3 1 813 0
1 748 1 814 0
1 815 1 21 0
1 253 1 816 0
1 775 1 817 0
1 22 1 818 0
1 95 1 819 0
1 820 1 52 0
1 821 1 403 0
1 852 1 822 0
1 823 1 768 0
1 12 1 824 0
1 825 1 243 0
1 208 1 826 0
1 827 1 784 0
1 108 1 828 0
1 829 1 498 0
1 830 1 745 0
1 494 1 831 0
1 832 1 229 0
1 145 1 833 0
1 834 1 634 0
1 835 1 121 0
1 836 1 183 0
1 837 1 553 0
1 805 1 838 0
1 839 1 712 0
1 840 1 419 0
1 881 1 841 0
1 842 1 623 0
1 843 1 250 0
1 844 1 572 0
1 294 1 845 0
1 846 1 24 0
1 24 1 847 0
1 848 1 790 0
1 849 1 11 0
1 81 1 850 0
1 685 1 851 0
1 852 1 518 0
1 573 1 853 0
1 854 1 698 0
1 855 1 300 0
1 856 1 3 0
1 857 1 643 0
1 564 1 858 0
1 50 1 859 0
1 860 1 428 0
1 659 1 861 0
1 862 1 208 0
1 577 1 863 0
1 860 1 864 0
1 865 1 456 0
1 866 1 282 0
1 867 1 650 0
1 766 1 868 0
1 455 1 869 0
1 870 1 702 0
1 437 1 871 0
1 872 1 889 0
1 642 1 873 0
1 361 1 874 0
1 141 1 875 0
1 186 1 876 0
1 877 1 655 0
1 358 1 878 0
1 879 1 772 0
1 880 1 438 0
1 881 1 788 0
1 403 1 882 0
1 372 1 883 0
1 884 1 377 0
1 885 1 556 0
1 886 1 96 0
1 887 1 898 0
1 415 1 888 0
1 889 1 825 0
1 706 1 890 0
1 891 1 655 0
1 617 1 892 0
1 602 1 893 0
1 894 1 588 0
1 895 1 651 0
1 702 1 896 0
1 897 1 344 0
1 898 1 295 0
1 899 1 423 0
1 558 1 900 0
