2050 2050
1 1 1 236 0
1 817 1 2 0
1 3 1 333 0
1 561 1 4 0
1 5 1 1096 0
1 6 1 253 0
1 1867 1 7 0
1 8 1 1221 0
1 1507 1 9 0
1 10 1 843 0
1 545 1 11 0
1 12 1 895 0
1 13 1 125 0
1 686 1 14 0
1 15 1 1597 0
1 16 1 765 0
1 17 1 122 0
1 1861 1 18 0
1 1026 1 19 0
1 20 1 1563 0
1 1453 1 21 0
1 862 1 22 0
1 725 1 23 0
1 1881 1 24 0
1 1924 1 25 0
1 26 1 928 0
1 27 1 113 0
1 1678 1 28 0
1 29 1 834 0
1 1268 1 30 0
1 2012 1 31 0
1 32 1 1189 0
1 33 1 2017 0
1 34 1 510 0
1 1875 1 35 0
1 36 1 426 0
1 138 1 37 0
1 38 1 68 0
1 240 1 39 0
1 40 1 172 0
1 41 1 868 0
1 42 1 389 0
1 434 1 43 0
1 1106 1 44 0
1 908 1 45 0
1 46 1 706 0
1 1996 1 47 0
1 48 1 1370 0
1 456 1 49 0
1 50 1 638 0
1 312 1 51 0
1 1766 1 52 0
1 53 1 1850 0
1 170 1 54 0
1 55 1 885 0
1 56 1 1381 0
1 57 1 1361 0
1 1073 1 58 0
1 1274 1 59 0
1 60 1 1216 0
1 61 1 588 0
1 62 1 1088 0
1 986 1 63 0
1 189 1 64 0
1 1244 1 65 0
1 66 1 1200 0
1 789 1 67 0
1 170 1 68 0
1 69 1 915 0
1 1267 1 70 0
1 71 1 1732 0
1 72 1 305 0
1 1180 1 73 0
1 74 1 1002 0
1 75 1 865 0
1 76 1 648 0
1 77 1 1930 0
1 78 1 651 0
1 1941 1 79 0
1 80 1 29 0
1 81 1 1026 0
1 82 1 164 0
1 720 1 83 0
1 1701 1 84 0
1 2045 1 85 0
1 1431 1 86 0
1 87 1 665 0
1 88 1 499 0
1 89 1 148 0
1 90 1 203 0
1 91 1 100 0
1 611 1 92 0
1 692 1 93 0
1 1801 1 94 0
1 1495 1 95 0
1 1372 1 96 0
1 421 1 97 0
1 98 1 168 0
1 682 1 99 0
1 100 1 1276 0
1 421 1 101 0
1 1135 1 102 0
1 103 1 1470 0
1 104 1 466 0
1 1129 1 105 0
1 1582 1 106 0
1 513 1 107 0
1 108 1 502 0
1 1053 1 109 0
1 1068 1 110 0
1 937 1 111 0
1 112 1 1448 0
1 139 1 113 0
1 114 1 1609 0
1 115 1 59 0
1 474 1 116 0
1 117 1 1907 0
1 1124 1 118 0
1 1699 1 119 0
1 1551 1 120 0
1 121 1 1396 0
1 1539 1 122 0
1 767 1 123 0
1 124 1 968 0
1 125 1 138 0
1 126 1 1787 0
1 127 1 1416 0
1 833 1 128 0
1 1217 1 129 0
1 1508 1 130 0
1 131 1 1855 0
1 593 1 132 0
1 133 1 217 0
1 134 1 1379 0
1 135 1 1788 0
1 136 1 1871 0
1 137 1 1303 0
1 138 1 1253 0
1 1169 1 139 0
1 1771 1 140 0
1 141 1 1415 0
1 142 1 1344 0
1 2015 1 143 0
1 144 1 154 0
1 1027 1 145 0
1 146 1 1512 0
1 147 1 1775 0
1 148 1 1715 0
1 1474 1 149 0
1 150 1 2008 0
1 151 1 603 0
1 152 1 322 0
1 153 1 229 0
1 176 1 154 0
1 155 1 390 0
1 675 1 156 0
1 1754 1 157 0
1 714 1 158 0
1 159 1 1621 0
1 1973 1 160 0
1 1858 1 161 0
1 894 1 162 0
1 163 1 574 0
1 164 1 1913 0
1 165 1 1307 0
1 694 1 166 0
1 167 1 1408 0
1 1188 1 168 0
1 1792 1 169 0
1 170 1 31 0
1 193 1 171 0
1 419 1 172 0
1 173 1 936 0
1 174 1 1300 0
1 1066 1 175 0
1 272 1 176 0
1 1162 1 177 0
1 579 1 178 0
1 179 1 77 0
1 265 1 180 0
1 1176 1 181 0
1 182 1 1431 0
1 208 1 183 0
1 184 1 521 0
1 185 1 186 0
1 1156 1 186 0
1 187 1 1247 0
1 1070 1 188 0
1 1661 1 189 0
1 190 1 1286 0
1 191 1 195 0
1 192 1 805 0
1 193 1 189 0
1 947 1 194 0
1 195 1 2025 0
1 196 1 931 0
1 1916 1 197 0
1 1761 1 198 0
1 613 1 199 0
1 651 1 200 0
1 1790 1 201 0
1 949 1 202 0
1 203 1 1520 0
1 338 1 204 0
1 1352 1 205 0
1 1804 1 206 0
1 1855 1 207 0
1 244 1 208 0
1 1169 1 209 0
1 451 1 210 0
1 211 1 867 0
1 669 1 212 0
1 566 1 213 0
1 214 1 1585 0
1 25 1 215 0
1 1779 1 216 0
1 217 1 1268 0
1 218 1 1757 0
1 470 1 219 0
1 42 1 220 0
1 221 1 578 0
1 1964 1 222 0
1 223 1 1318 0
1 985 1 224 0
1 225 1 1999 0
1 226 1 1872 0
1 1086 1 227 0
1 1431 1 228 0
1 993 1 229 0
1 230 1 1648 0
1 231 1 892 0
1 532 1 232 0
1 233 1 46 0
1 409 1 234 0
1 1238 1 235 0
1 885 1 236 0
1 237 1 1904 0
1 238 1 634 0
1 1968 1 239 0
1 240 1 1051 0
1 241 1 29 0
1 1796 1 242 0
1 1164 1 243 0
1 1972 1 244 0
1 245 1 1402 0
1 1934 1 246 0
1 247 1 1920 0
1 1213 1 248 0
1 1902 1 249 0
1 1178 1 250 0
1 251 1 896 0
1 1071 1 252 0
1 1068 1 253 0
1 254 1 1734 0
1 255 1 901 0
1 1374 1 256 0
1 452 1 257 0
1 1944 1 258 0
1 748 1 259 0
1 260 1 121 0
1 1343 1 261 0
1 1656 1 262 0
1 263 1 1054 0
1 264 1 1697 0
1 569 1 265 0
1 179 1 266 0
1 636 1 267 0
1 268 1 584 0
1 214 1 269 0
1 270 1 1478 0
1 271 1 690 0
1 272 1 1143 0
1 1375 1 273 0
1 192 1 274 0
1 275 1 1730 0
1 912 1 276 0
1 1228 1 277 0
1 278 1 456 0
1 786 1 279 0
1 280 1 880 0
1 1179 1 281 0
1 282 1 196 0
1 283 1 804 0
1 518 1 284 0
1 120 1 285 0
1 286 1 177 0
1 287 1 1317 0
1 571 1 288 0
1 289 1 2000 0
1 290 1 1465 0
1 966 1 291 0
1 570 1 292 0
1 293 1 1616 0
1 294 1 1227 0
1 320 1 295 0
1 296 1 914 0
1 961 1 297 0
1 1914 1 298 0
1 299 1 1201 0
1 1936 1 300 0
1 202 1 301 0
1 1080 1 302 0
1 303 1 565 0
1 304 1 327 0
1 305 1 1132 0
1 306 1 1264 0
1 1509 1 307 0
1 953 1 308 0
1 309 1 834 0
1 1847 1 310 0
1 846 1 311 0
1 312 1 2022 0
1 313 1 252 0
1 1994 1 314 0
1 315 1 703 0
1 316 1 247 0
1 181 1 317 0
1 318 1 1758 0
1 319 1 1197 0
1 320 1 738 0
1 321 1 126 0
1 1518 1 322 0
1 1335 1 323 0
1 324 1 1919 0
1 1951 1 325 0
1 25 1 326 0
1 23 1 327 0
1 328 1 1460 0
1 329 1 1958 0
1 435 1 330 0
1 331 1 215 0
1 147 1 332 0
1 562 1 333 0
1 516 1 334 0
1 1955 1 335 0
1 336 1 991 0
1 337 1 1731 0
1 338 1 955 0
1 832 1 339 0
1 340 1 729 0
1 993 1 341 0
1 1183 1 342 0
1 343 1 868 0
1 47 1 344 0
1 339 1 345 0
1 346 1 723 0
1 347 1 100 0
1 1446 1 348 0
1 349 1 1381 0
1 1245 1 350 0
1 351 1 899 0
1 352 1 795 0
1 353 1 1388 0
1 309 1 354 0
1 1222 1 355 0
1 2049 1 356 0
1 357 1 1908 0
1 358 1 1421 0
1 1347 1 359 0
1 1754 1 360 0
1 361 1 369 0
1 908 1 362 0
1 363 1 1295 0
1 364 1 458 0
1 330 1 365 0
1 1272 1 366 0
1 1930 1 367 0
1 368 1 272 0
1 369 1 622 0
1 1377 1 370 0
1 512 1 371 0
1 191 1 372 0
1 373 1 1496 0
1 374 1 1181 0
1 375 1 1161 0
1 376 1 844 0
1 575 1 377 0
1 378 1 459 0
1 379 1 1681 0
1 1054 1 380 0
1 381 1 1051 0
1 1224 1 382 0
1 1525 1 383 0
1 384 1 1529 0
1 171 1 385 0
1 386 1 2044 0
1 387 1 1583 0
1 388 1 652 0
1 689 1 389 0
1 390 1 1859 0
1 391 1 1400 0
1 392 1 1997 0
1 781 1 393 0
1 483 1 394 0
1 626 1 395 0
1 1519 1 396 0
1 1639 1 397 0
1 398 1 2045 0
1 399 1 1015 0
1 400 1 102 0
1 748 1 401 0
1 1523 1 402 0
1 403 1 427 0
1 404 1 1685 0
1 405 1 177 0
1 406 1 2002 0
1 407 1 511 0
1 408 1 958 0
1 409 1 373 0
1 410 1 648 0
1 411 1 915 0
1 412 1 1002 0
1 1134 1 413 0
1 414 1 1753 0
1 415 1 1347 0
1 416 1 566 0
1 417 1 823 0
1 1931 1 418 0
1 200 1 419 0
1 1956 1 420 0
1 905 1 421 0
1 112 1 422 0
1 1760 1 423 0
1 424 1 1810 0
1 992 1 425 0
1 837 1 426 0
1 1522 1 427 0
1 428 1 56 0
1 439 1 429 0
1 430 1 344 0
1 465 1 431 0
1 432 1 1091 0
1 433 1 403 0
1 434 1 480 0
1 435 1 1175 0
1 436 1 1628 0
1 619 1 437 0
1 438 1 195 0
1 477 1 439 0
1 440 1 388 0
1 277 1 441 0
1 1975 1 442 0
1 443 1 1600 0
1 1900 1 444 0
1 445 1 154 0
1 446 1 236 0
1 447 1 242 0
1 448 1 1788 0
1 449 1 1120 0
1 440 1 450 0
1 451 1 421 0
1 452 1 746 0
1 453 1 1850 0
1 454 1 1185 0
1 1500 1 455 0
1 456 1 1856 0
1 1809 1 457 0
1 1810 1 458 0
1 459 1 1610 0
1 89 1 460 0
1 461 1 791 0
1 237 1 462 0
1 463 1 1980 0
1 464 1 1632 0
1 465 1 2046 0
1 466 1 1072 0
1 467 1 1997 0
1 468 1 829 0
1 469 1 1899 0
1 620 1 470 0
1 1643 1 471 0
1 941 1 472 0
1 210 1 473 0
1 2001 1 474 0
1 475 1 1460 0
1 895 1 476 0
1 220 1 477 0
1 478 1 1129 0
1 409 1 479 0
1 480 1 1451 0
1 248 1 481 0
1 1017 1 482 0
1 1509 1 483 0
1 484 1 81 0
1 587 1 485 0
1 1628 1 486 0
1 487 1 1923 0
1 1914 1 488 0
1 489 1 277 0
1 490 1 1623 0
1 41 1 491 0
1 778 1 492 0
1 424 1 493 0
1 494 1 403 0
1 1330 1 495 0
1 496 1 471 0
1 135 1 497 0
1 498 1 1750 0
1 499 1 1551 0
1 500 1 56 0
1 1248 1 501 0
1 334 1 502 0
1 1668 1 503 0
1 504 1 938 0
1 318 1 505 0
1 506 1 467 0
1 507 1 1644 0
1 508 1 1168 0
1 509 1 40 0
1 510 1 459 0
1 120 1 511 0
1 126 1 512 0
1 1968 1 513 0
1 1500 1 514 0
1 515 1 1682 0
1 1608 1 516 0
1 517 1 1155 0
1 518 1 1212 0
1 519 1 851 0
1 520 1 1726 0
1 927 1 521 0
1 402 1 522 0
1 466 1 523 0
1 756 1 524 0
1 525 1 681 0
1 526 1 477 0
1 527 1 1018 0
1 1805 1 528 0
1 75 1 529 0
1 41 1 530 0
1 531 1 1427 0
1 532 1 1824 0
1 540 1 533 0
1 534 1 819 0
1 221 1 535 0
1 693 1 536 0
1 537 1 25 0
1 1351 1 538 0
1 1315 1 539 0
1 919 1 540 0
1 541 1 1910 0
1 542 1 1876 0
1 121 1 543 0
1 544 1 516 0
1 545 1 1963 0
1 336 1 546 0
1 547 1 1539 0
1 445 1 548 0
1 549 1 1872 0
1 550 1 336 0
1 551 1 1861 0
1 2050 1 552 0
1 1302 1 553 0
1 554 1 1274 0
1 555 1 1104 0
1 556 1 896 0
1 560 1 557 0
1 558 1 827 0
1 559 1 1136 0
1 479 1 560 0
1 1271 1 561 0
1 562 1 962 0
1 850 1 563 0
1 564 1 892 0
1 579 1 565 0
1 1401 1 566 0
1 567 1 1823 0
1 568 1 136 0
1 376 1 569 0
1 570 1 444 0
1 571 1 1522 0
1 1985 1 572 0
1 1795 1 573 0
1 513 1 574 0
1 575 1 14 0
1 576 1 1337 0
1 1358 1 577 0
1 1026 1 578 0
1 368 1 579 0
1 580 1 452 0
1 390 1 581 0
1 1466 1 582 0
1 336 1 583 0
1 1822 1 584 0
1 868 1 585 0
1 733 1 586 0
1 904 1 587 0
1 704 1 588 0
1 589 1 957 0
1 1404 1 590 0
1 591 1 1474 0
1 592 1 2010 0
1 1385 1 593 0
1 594 1 1449 0
1 595 1 1151 0
1 596 1 961 0
1 1708 1 597 0
1 651 1 598 0
1 599 1 721 0
1 600 1 233 0
1 601 1 1483 0
1 602 1 1113 0
1 1568 1 603 0
1 604 1 1875 0
1 605 1 1434 0
1 606 1 551 0
1 607 1 872 0
1 171 1 608 0
1 828 1 609 0
1 359 1 610 0
1 1299 1 611 0
1 612 1 1076 0
1 613 1 1951 0
1 614 1 1934 0
1 706 1 615 0
1 210 1 616 0
1 617 1 1954 0
1 618 1 520 0
1 922 1 619 0
1 620 1 453 0
1 1776 1 621 0
1 622 1 582 0
1 623 1 848 0
1 317 1 624 0
1 2011 1 625 0
1 626 1 57 0
1 1707 1 627 0
1 255 1 628 0
1 629 1 473 0
1 475 1 630 0
1 1473 1 631 0
1 632 1 821 0
1 633 1 875 0
1 634 1 398 0
1 635 1 1815 0
1 953 1 636 0
1 1897 1 637 0
1 1183 1 638 0
1 1634 1 639 0
1 1261 1 640 0
1 641 1 257 0
1 642 1 323 0
1 643 1 134 0
1 1641 1 644 0
1 1866 1 645 0
1 646 1 559 0
1 647 1 50 0
1 797 1 648 0
1 649 1 365 0
1 650 1 177 0
1 651 1 628 0
1 652 1 808 0
1 653 1 919 0
1 654 1 1811 0
1 655 1 369 0
1 656 1 929 0
1 1999 1 657 0
1 658 1 1254 0
1 659 1 1806 0
1 1271 1 660 0
1 661 1 1476 0
1 662 1 158 0
1 663 1 209 0
1 1478 1 664 0
1 1260 1 665 0
1 1098 1 666 0
1 667 1 1593 0
1 667 1 668 0
1 1255 1 669 0
1 670 1 535 0
1 671 1 1622 0
1 672 1 1150 0
1 673 1 1745 0
1 674 1 390 0
1 929 1 675 0
1 676 1 1515 0
1 677 1 1442 0
1 678 1 1347 0
1 679 1 1720 0
1 518 1 680 0
1 330 1 681 0
1 682 1 1279 0
1 437 1 683 0
1 899 1 684 0
1 1774 1 685 0
1 686 1 1331 0
1 1113 1 687 0
1 688 1 352 0
1 689 1 1697 0
1 57 1 690 0
1 1661 1 691 0
1 1760 1 692 0
1 524 1 693 0
1 694 1 749 0
1 850 1 695 0
1 696 1 1627 0
1 697 1 728 0
1 1269 1 698 0
1 53 1 699 0
1 700 1 1453 0
1 128 1 701 0
1 702 1 13 0
1 703 1 615 0
1 1193 1 704 0
1 1154 1 705 0
1 706 1 1038 0
1 707 1 850 0
1 1911 1 708 0
1 575 1 709 0
1 710 1 1807 0
1 986 1 711 0
1 712 1 1748 0
1 1264 1 713 0
1 1014 1 714 0
1 715 1 855 0
1 716 1 1427 0
1 717 1 1258 0
1 718 1 1893 0
1 761 1 719 0
1 1882 1 720 0
1 354 1 721 0
1 1266 1 722 0
1 723 1 1146 0
1 163 1 724 0
1 1168 1 725 0
1 726 1 1920 0
1 727 1 1407 0
1 728 1 436 0
1 729 1 1533 0
1 1780 1 730 0
1 1370 1 731 0
1 732 1 1883 0
1 733 1 953 0
1 1385 1 734 0
1 735 1 216 0
1 1034 1 736 0
1 638 1 737 0
1 1760 1 738 0
1 739 1 9 0
1 1901 1 740 0
1 741 1 647 0
1 742 1 1848 0
1 1372 1 743 0
1 744 1 351 0
1 706 1 745 0
1 38 1 746 0
1 747 1 768 0
1 748 1 964 0
1 749 1 329 0
1 1913 1 750 0
1 346 1 751 0
1 752 1 1610 0
1 753 1 1669 0
1 754 1 874 0
1 948 1 755 0
1 1145 1 756 0
1 1367 1 757 0
1 1867 1 758 0
1 1174 1 759 0
1 716 1 760 0
1 1576 1 761 0
1 16 1 762 0
1 763 1 44 0
1 764 1 988 0
1 765 1 1669 0
1 766 1 1246 0
1 767 1 534 0
1 768 1 1179 0
1 769 1 1 0
1 770 1 582 0
1 771 1 411 0
1 131 1 772 0
1 773 1 1993 0
1 438 1 774 0
1 775 1 1177 0
1 749 1 776 0
1 777 1 1104 0
1 778 1 293 0
1 1906 1 779 0
1 1450 1 780 0
1 1653 1 781 0
1 77 1 782 0
1 783 1 949 0
1 784 1 1561 0
1 1452 1 785 0
1 162 1 786 0
1 787 1 1145 0
1 788 1 226 0
1 134 1 789 0
1 1636 1 790 0
1 791 1 1010 0
1 536 1 792 0
1 793 1 217 0
1 256 1 794 0
1 795 1 1807 0
1 1952 1 796 0
1 1083 1 797 0
1 798 1 1675 0
1 799 1 97 0
1 1382 1 800 0
1 801 1 1918 0
1 802 1 1403 0
1 2040 1 803 0
1 319 1 804 0
1 805 1 413 0
1 973 1 806 0
1 807 1 189 0
1 1387 1 808 0
1 809 1 294 0
1 810 1 1982 0
1 811 1 165 0
1 660 1 812 0
1 813 1 1522 0
1 814 1 126 0
1 229 1 815 0
1 816 1 1514 0
1 817 1 1785 0
1 818 1 1829 0
1 819 1 226 0
1 214 1 820 0
1 237 1 821 0
1 822 1 523 0
1 1974 1 823 0
1 824 1 1411 0
1 853 1 825 0
1 167 1 826 0
1 1468 1 827 0
1 608 1 828 0
1 829 1 667 0
1 830 1 319 0
1 479 1 831 0
1 639 1 832 0
1 833 1 38 0
1 834 1 327 0
1 1823 1 835 0
1 1735 1 836 0
1 852 1 837 0
1 292 1 838 0
1 319 1 839 0
1 1242 1 840 0
1 841 1 321 0
1 1917 1 842 0
1 843 1 652 0
1 301 1 844 0
1 181 1 845 0
1 978 1 846 0
1 847 1 745 0
1 848 1 626 0
1 849 1 1336 0
1 660 1 850 0
1 410 1 851 0
1 852 1 1302 0
1 1541 1 853 0
1 423 1 854 0
1 855 1 1511 0
1 856 1 4 0
1 857 1 1411 0
1 858 1 1347 0
1 859 1 1430 0
1 860 1 417 0
1 861 1 303 0
1 1663 1 862 0
1 863 1 1459 0
1 864 1 92 0
1 865 1 1547 0
1 650 1 866 0
1 867 1 1759 0
1 266 1 868 0
1 719 1 869 0
1 1597 1 870 0
1 871 1 1718 0
1 872 1 626 0
1 1899 1 873 0
1 874 1 784 0
1 875 1 1888 0
1 876 1 184 0
1 877 1 1609 0
1 878 1 1357 0
1 958 1 879 0
1 880 1 1846 0
1 881 1 917 0
1 882 1 1014 0
1 883 1 267 0
1 2031 1 884 0
1 470 1 885 0
1 886 1 462 0
1 366 1 887 0
1 888 1 27 0
1 889 1 98 0
1 890 1 512 0
1 707 1 891 0
1 892 1 1959 0
1 2031 1 893 0
1 1012 1 894 0
1 516 1 895 0
1 1183 1 896 0
1 518 1 897 0
1 1038 1 898 0
1 1808 1 899 0
1 900 1 62 0
1 1339 1 901 0
1 236 1 902 0
1 903 1 1955 0
1 604 1 904 0
1 905 1 1582 0
1 906 1 332 0
1 1815 1 907 0
1 908 1 862 0
1 353 1 909 0
1 910 1 1565 0
1 911 1 177 0
1 912 1 1058 0
1 1734 1 913 0
1 914 1 1884 0
1 915 1 532 0
1 916 1 592 0
1 1893 1 917 0
1 995 1 918 0
1 1327 1 919 0
1 920 1 842 0
1 27 1 921 0
1 922 1 1699 0
1 923 1 905 0
1 1307 1 924 0
1 783 1 925 0
1 1952 1 926 0
1 450 1 927 0
1 928 1 648 0
1 929 1 206 0
1 930 1 291 0
1 931 1 1344 0
1 932 1 594 0
1 843 1 933 0
1 934 1 228 0
1 1769 1 935 0
1 936 1 1356 0
1 782 1 937 0
1 1325 1 938 0
1 939 1 1768 0
1 940 1 696 0
1 941 1 223 0
1 942 1 1102 0
1 943 1 103 0
1 944 1 1994 0
1 945 1 770 0
1 867 1 946 0
1 1898 1 947 0
1 948 1 1409 0
1 1710 1 949 0
1 814 1 950 0
1 1544 1 951 0
1 952 1 437 0
1 953 1 428 0
1 1392 1 954 0
1 955 1 166 0
1 956 1 1032 0
1 957 1 18 0
1 958 1 1422 0
1 239 1 959 0
1 960 1 919 0
1 315 1 961 0
1 1901 1 962 0
1 182 1 963 0
1 1933 1 964 0
1 1856 1 965 0
1 966 1 318 0
1 967 1 1927 0
1 968 1 62 0
1 969 1 1043 0
1 1022 1 970 0
1 417 1 971 0
1 951 1 972 0
1 326 1 973 0
1 974 1 176 0
1 975 1 926 0
1 261 1 976 0
1 977 1 646 0
1 978 1 1853 0
1 979 1 809 0
1 980 1 1231 0
1 122 1 981 0
1 982 1 1123 0
1 983 1 197 0
1 1217 1 984 0
1 374 1 985 0
1 2031 1 986 0
1 260 1 987 0
1 754 1 988 0
1 484 1 989 0
1 593 1 990 0
1 991 1 522 0
1 1907 1 992 0
1 1876 1 993 0
1 994 1 1686 0
1 995 1 1846 0
1 300 1 996 0
1 1055 1 997 0
1 998 1 133 0
1 184 1 999 0
1 1859 1 1000 0
1 75 1 1001 0
1 1290 1 1002 0
1 39 1 1003 0
1 1004 1 393 0
1 1005 1 1265 0
1 209 1 1006 0
1 615 1 1007 0
1 1121 1 1008 0
1 312 1 1009 0
1 1010 1 847 0
1 1011 1 625 0
1 1035 1 1012 0
1 1013 1 1946 0
1 1014 1 1245 0
1 1015 1 442 0
1 1016 1 937 0
1 94 1 1017 0
1 265 1 1018 0
1 1953 1 1019 0
1 1020 1 131 0
1 1021 1 780 0
1 1022 1 40 0
1 1023 1 887 0
1 1024 1 697 0
1 1025 1 1941 0
1 1748 1 1026 0
1 1027 1 1525 0
1 1028 1 1813 0
1 1014 1 1029 0
1 1030 1 179 0
1 1031 1 1206 0
1 1032 1 1944 0
1 1033 1 1684 0
1 1034 1 716 0
1 1035 1 414 0
1 20 1 1036 0
1 1037 1 1859 0
1 1034 1 1038 0
1 1039 1 412 0
1 1550 1 1040 0
1 826 1 1041 0
1 581 1 1042 0
1 1043 1 1257 0
1 1044 1 658 0
1 885 1 1045 0
1 1520 1 1046 0
1 1047 1 72 0
1 402 1 1048 0
1 1049 1 1073 0
1 1050 1 1551 0
1 249 1 1051 0
1 1170 1 1052 0
1 222 1 1053 0
1 230 1 1054 0
1 1210 1 1055 0
1 1056 1 1019 0
1 392 1 1057 0
1 567 1 1058 0
1 1059 1 658 0
1 1060 1 279 0
1 1061 1 2035 0
1 1495 1 1062 0
1 280 1 1063 0
1 1064 1 1188 0
1 1810 1 1065 0
1 1350 1 1066 0
1 1628 1 1067 0
1 1138 1 1068 0
1 117 1 1069 0
1 1070 1 477 0
1 1651 1 1071 0
1 1072 1 107 0
1 1073 1 1292 0
1 1074 1 148 0
1 1075 1 1713 0
1 1878 1 1076 0
1 1077 1 492 0
1 1078 1 1842 0
1 1772 1 1079 0
1 1080 1 1783 0
1 1961 1 1081 0
1 1199 1 1082 0
1 1083 1 1565 0
1 1084 1 96 0
1 801 1 1085 0
1 1086 1 1109 0
1 2041 1 1087 0
1 1088 1 1193 0
1 1798 1 1089 0
1 1090 1 1409 0
1 1091 1 1431 0
1 543 1 1092 0
1 1152 1 1093 0
1 1253 1 1094 0
1 609 1 1095 0
1 1096 1 1226 0
1 333 1 1097 0
1 1098 1 330 0
1 564 1 1099 0
1 1472 1 1100 0
1 1746 1 1101 0
1 1102 1 1220 0
1 858 1 1103 0
1 1368 1 1104 0
1 158 1 1105 0
1 1106 1 780 0
1 1107 1 1186 0
1 1108 1 1040 0
1 1456 1 1109 0
1 880 1 1110 0
1 897 1 1111 0
1 500 1 1112 0
1 1682 1 1113 0
1 1114 1 367 0
1 845 1 1115 0
1 1116 1 1207 0
1 1117 1 930 0
1 1167 1 1118 0
1 1119 1 1019 0
1 1250 1 1120 0
1 284 1 1121 0
1 1122 1 1451 0
1 1123 1 2033 0
1 1974 1 1124 0
1 1125 1 1177 0
1 1126 1 2045 0
1 1561 1 1127 0
1 600 1 1128 0
1 1896 1 1129 0
1 1130 1 394 0
1 1131 1 1475 0
1 1132 1 1489 0
1 808 1 1133 0
1 1984 1 1134 0
1 775 1 1135 0
1 1657 1 1136 0
1 1137 1 1285 0
1 1138 1 417 0
1 1139 1 1230 0
1 1140 1 1013 0
1 1141 1 1158 0
1 1142 1 884 0
1 1143 1 1206 0
1 1144 1 588 0
1 1145 1 1246 0
1 1146 1 41 0
1 104 1 1147 0
1 1148 1 1226 0
1 1189 1 1149 0
1 1150 1 1969 0
1 1407 1 1151 0
1 1152 1 1341 0
1 604 1 1153 0
1 126 1 1154 0
1 1868 1 1155 0
1 498 1 1156 0
1 1157 1 1348 0
1 1173 1 1158 0
1 1159 1 399 0
1 1833 1 1160 0
1 1448 1 1161 0
1 920 1 1162 0
1 1163 1 1217 0
1 1164 1 423 0
1 1165 1 1184 0
1 278 1 1166 0
1 1167 1 1350 0
1 1168 1 973 0
1 1169 1 1040 0
1 1170 1 1221 0
1 1727 1 1171 0
1 1546 1 1172 0
1 1173 1 984 0
1 703 1 1174 0
1 939 1 1175 0
1 181 1 1176 0
1 245 1 1177 0
1 583 1 1178 0
1 1179 1 104 0
1 1180 1 328 0
1 144 1 1181 0
1 1182 1 2043 0
1 956 1 1183 0
1 1184 1 2010 0
1 1185 1 308 0
1 1186 1 86 0
1 1187 1 1414 0
1 332 1 1188 0
1 1282 1 1189 0
1 379 1 1190 0
1 1202 1 1191 0
1 1192 1 1568 0
1 1737 1 1193 0
1 1194 1 1178 0
1 110 1 1195 0
1 579 1 1196 0
1 1197 1 976 0
1 428 1 1198 0
1 1199 1 831 0
1 1210 1 1200 0
1 427 1 1201 0
1 1202 1 705 0
1 1203 1 611 0
1 428 1 1204 0
1 2006 1 1205 0
1 1504 1 1206 0
1 1384 1 1207 0
1 1863 1 1208 0
1 1673 1 1209 0
1 1900 1 1210 0
1 1378 1 1211 0
1 1846 1 1212 0
1 115 1 1213 0
1 1575 1 1214 0
1 1215 1 1162 0
1 1216 1 830 0
1 2016 1 1217 0
1 1379 1 1218 0
1 1219 1 1848 0
1 1321 1 1220 0
1 1221 1 1757 0
1 1222 1 1338 0
1 1223 1 245 0
1 1224 1 563 0
1 1225 1 814 0
1 545 1 1226 0
1 1832 1 1227 0
1 1917 1 1228 0
1 1229 1 910 0
1 1880 1 1230 0
1 433 1 1231 0
1 727 1 1232 0
1 1979 1 1233 0
1 1748 1 1234 0
1 1235 1 657 0
1 1236 1 375 0
1 1237 1 1975 0
1 716 1 1238 0
1 1239 1 258 0
1 1240 1 1991 0
1 1241 1 1339 0
1 1706 1 1242 0
1 1886 1 1243 0
1 1525 1 1244 0
1 1245 1 352 0
1 1246 1 1443 0
1 1695 1 1247 0
1 1209 1 1248 0
1 1249 1 701 0
1 1250 1 187 0
1 1251 1 1877 0
1 1629 1 1252 0
1 1031 1 1253 0
1 1254 1 35 0
1 1255 1 1382 0
1 1256 1 781 0
1 1257 1 1533 0
1 1258 1 12 0
1 280 1 1259 0
1 347 1 1260 0
1 752 1 1261 0
1 1262 1 1350 0
1 313 1 1263 0
1 1264 1 111 0
1 335 1 1265 0
1 1266 1 1117 0
1 125 1 1267 0
1 394 1 1268 0
1 1269 1 702 0
1 1270 1 148 0
1 1271 1 576 0
1 1816 1 1272 0
1 1273 1 1950 0
1 1824 1 1274 0
1 336 1 1275 0
1 649 1 1276 0
1 125 1 1277 0
1 1278 1 512 0
1 1279 1 747 0
1 1872 1 1280 0
1 1281 1 1636 0
1 1282 1 1727 0
1 1283 1 132 0
1 825 1 1284 0
1 1285 1 522 0
1 1286 1 32 0
1 1287 1 1072 0
1 1288 1 210 0
1 1119 1 1289 0
1 1925 1 1290 0
1 796 1 1291 0
1 1292 1 273 0
1 1293 1 704 0
1 746 1 1294 0
1 445 1 1295 0
1 1283 1 1296 0
1 1816 1 1297 0
1 1298 1 1234 0
1 1483 1 1299 0
1 1300 1 1137 0
1 598 1 1301 0
1 2015 1 1302 0
1 1733 1 1303 0
1 1304 1 1153 0
1 1305 1 345 0
1 829 1 1306 0
1 1307 1 733 0
1 1308 1 1373 0
1 1264 1 1309 0
1 1310 1 1190 0
1 1311 1 61 0
1 1312 1 1718 0
1 987 1 1313 0
1 1934 1 1314 0
1 1315 1 498 0
1 1316 1 445 0
1 1142 1 1317 0
1 12 1 1318 0
1 1319 1 147 0
1 1320 1 1634 0
1 1091 1 1321 0
1 1644 1 1322 0
1 1323 1 1759 0
1 1368 1 1324 0
1 1301 1 1325 0
1 1326 1 74 0
1 334 1 1327 0
1 453 1 1328 0
1 464 1 1329 0
1 450 1 1330 0
1 597 1 1331 0
1 1332 1 1104 0
1 1109 1 1333 0
1 1334 1 181 0
1 1335 1 837 0
1 1351 1 1336 0
1 1301 1 1337 0
1 1338 1 1052 0
1 1675 1 1339 0
1 1650 1 1340 0
1 874 1 1341 0
1 1945 1 1342 0
1 1343 1 977 0
1 1344 1 1949 0
1 1345 1 1033 0
1 1346 1 373 0
1 1484 1 1347 0
1 1348 1 144 0
1 1900 1 1349 0
1 966 1 1350 0
1 1351 1 365 0
1 1352 1 1430 0
1 260 1 1353 0
1 872 1 1354 0
1 1348 1 1355 0
1 1356 1 163 0
1 1469 1 1357 0
1 1367 1 1358 0
1 17 1 1359 0
1 1360 1 399 0
1 1570 1 1361 0
1 666 1 1362 0
1 660 1 1363 0
1 1364 1 1907 0
1 48 1 1365 0
1 361 1 1366 0
1 931 1 1367 0
1 1236 1 1368 0
1 1369 1 1378 0
1 1370 1 1849 0
1 1371 1 1000 0
1 1372 1 1155 0
1 1373 1 888 0
1 1374 1 9 0
1 1375 1 1451 0
1 1047 1 1376 0
1 1377 1 1722 0
1 92 1 1378 0
1 1379 1 301 0
1 645 1 1380 0
1 335 1 1381 0
1 1382 1 194 0
1 828 1 1383 0
1 1384 1 705 0
1 1419 1 1385 0
1 301 1 1386 0
1 1695 1 1387 0
1 1388 1 314 0
1 1135 1 1389 0
1 934 1 1390 0
1 1391 1 1558 0
1 1737 1 1392 0
1 431 1 1393 0
1 1394 1 58 0
1 1092 1 1395 0
1 485 1 1396 0
1 1997 1 1397 0
1 1398 1 1057 0
1 1515 1 1399 0
1 1400 1 315 0
1 1401 1 1706 0
1 1907 1 1402 0
1 1403 1 1583 0
1 1916 1 1404 0
1 1066 1 1405 0
1 176 1 1406 0
1 1819 1 1407 0
1 1408 1 1946 0
1 46 1 1409 0
1 1410 1 1523 0
1 1411 1 912 0
1 256 1 1412 0
1 1413 1 1654 0
1 1414 1 763 0
1 1415 1 592 0
1 1416 1 828 0
1 542 1 1417 0
1 1418 1 1187 0
1 125 1 1419 0
1 1420 1 1156 0
1 1160 1 1421 0
1 1422 1 74 0
1 1497 1 1423 0
1 1424 1 855 0
1 684 1 1425 0
1 1426 1 1481 0
1 44 1 1427 0
1 1853 1 1428 0
1 1429 1 125 0
1 1430 1 1970 0
1 1431 1 148 0
1 1432 1 1889 0
1 1433 1 1621 0
1 1635 1 1434 0
1 1268 1 1435 0
1 1307 1 1436 0
1 1264 1 1437 0
1 890 1 1438 0
1 1439 1 655 0
1 95 1 1440 0
1 739 1 1441 0
1 539 1 1442 0
1 1443 1 1584 0
1 909 1 1444 0
1 1445 1 149 0
1 1446 1 1273 0
1 1447 1 1737 0
1 766 1 1448 0
1 1449 1 91 0
1 1450 1 1948 0
1 1451 1 178 0
1 1452 1 160 0
1 1453 1 776 0
1 1244 1 1454 0
1 940 1 1455 0
1 1456 1 1708 0
1 1457 1 1916 0
1 1896 1 1458 0
1 1787 1 1459 0
1 1460 1 1195 0
1 1618 1 1461 0
1 1742 1 1462 0
1 1219 1 1463 0
1 1780 1 1464 0
1 1664 1 1465 0
1 1466 1 1277 0
1 1753 1 1467 0
1 1468 1 1471 0
1 1469 1 314 0
1 1470 1 376 0
1 1471 1 593 0
1 1472 1 1885 0
1 1473 1 1371 0
1 1274 1 1474 0
1 882 1 1475 0
1 1476 1 1088 0
1 1412 1 1477 0
1 180 1 1478 0
1 1479 1 187 0
1 1480 1 177 0
1 375 1 1481 0
1 1482 1 1268 0
1 1483 1 1048 0
1 1484 1 1616 0
1 1485 1 1309 0
1 1725 1 1486 0
1 1356 1 1487 0
1 1465 1 1488 0
1 1489 1 575 0
1 193 1 1490 0
1 1825 1 1491 0
1 1492 1 849 0
1 1591 1 1493 0
1 862 1 1494 0
1 242 1 1495 0
1 1496 1 415 0
1 1497 1 581 0
1 935 1 1498 0
1 1499 1 1082 0
1 1500 1 23 0
1 1378 1 1501 0
1 1462 1 1502 0
1 349 1 1503 0
1 872 1 1504 0
1 1505 1 1570 0
1 1506 1 1863 0
1 1507 1 466 0
1 1508 1 80 0
1 627 1 1509 0
1 1510 1 1073 0
1 1511 1 978 0
1 1512 1 44 0
1 1239 1 1513 0
1 1514 1 391 0
1 1996 1 1515 0
1 1516 1 879 0
1 1517 1 1386 0
1 1506 1 1518 0
1 1519 1 1524 0
1 649 1 1520 0
1 1515 1 1521 0
1 1522 1 497 0
1 1523 1 95 0
1 1704 1 1524 0
1 1388 1 1525 0
1 1812 1 1526 0
1 160 1 1527 0
1 1528 1 5 0
1 1255 1 1529 0
1 1148 1 1530 0
1 1531 1 302 0
1 1532 1 1634 0
1 1706 1 1533 0
1 1534 1 1619 0
1 1610 1 1535 0
1 1536 1 1172 0
1 1203 1 1537 0
1 1917 1 1538 0
1 1664 1 1539 0
1 1895 1 1540 0
1 1518 1 1541 0
1 1926 1 1542 0
1 1543 1 39 0
1 1544 1 1844 0
1 110 1 1545 0
1 1546 1 1946 0
1 1547 1 1487 0
1 1653 1 1548 0
1 1084 1 1549 0
1 242 1 1550 0
1 1551 1 1547 0
1 1552 1 1254 0
1 1553 1 444 0
1 1554 1 874 0
1 1383 1 1555 0
1 563 1 1556 0
1 157 1 1557 0
1 1558 1 1060 0
1 1559 1 53 0
1 865 1 1560 0
1 1561 1 93 0
1 264 1 1562 0
1 1563 1 1800 0
1 1664 1 1564 0
1 996 1 1565 0
1 1566 1 949 0
1 87 1 1567 0
1 1265 1 1568 0
1 1569 1 953 0
1 1570 1 1508 0
1 1571 1 1206 0
1 1465 1 1572 0
1 1573 1 1495 0
1 1574 1 599 0
1 1351 1 1575 0
1 1576 1 906 0
1 1329 1 1577 0
1 1578 1 2006 0
1 24 1 1579 0
1 1580 1 781 0
1 226 1 1581 0
1 1698 1 1582 0
1 1346 1 1583 0
1 637 1 1584 0
1 1585 1 905 0
1 1586 1 806 0
1 1587 1 327 0
1 1588 1 506 0
1 1589 1 1662 0
1 1590 1 1986 0
1 278 1 1591 0
1 1592 1 906 0
1 1560 1 1593 0
1 1594 1 1300 0
1 306 1 1595 0
1 1596 1 1027 0
1 1597 1 1438 0
1 1598 1 1899 0
1 1472 1 1599 0
1 384 1 1600 0
1 1181 1 1601 0
1 459 1 1602 0
1 761 1 1603 0
1 1604 1 542 0
1 1605 1 1108 0
1 459 1 1606 0
1 1472 1 1607 0
1 2044 1 1608 0
1 124 1 1609 0
1 1610 1 1627 0
1 162 1 1611 0
1 1085 1 1612 0
1 1613 1 1849 0
1 632 1 1614 0
1 1615 1 1136 0
1 1616 1 338 0
1 1326 1 1617 0
1 345 1 1618 0
1 1878 1 1619 0
1 1620 1 1445 0
1 1987 1 1621 0
1 1688 1 1622 0
1 1623 1 186 0
1 1624 1 719 0
1 1625 1 684 0
1 1626 1 28 0
1 1627 1 1477 0
1 1628 1 709 0
1 1629 1 1134 0
1 1630 1 1208 0
1 1631 1 1430 0
1 581 1 1632 0
1 45 1 1633 0
1 1634 1 1999 0
1 972 1 1635 0
1 1636 1 1108 0
1 1613 1 1637 0
1 1638 1 1105 0
1 1639 1 1580 0
1 734 1 1640 0
1 1641 1 1869 0
1 1049 1 1642 0
1 1199 1 1643 0
1 37 1 1644 0
1 898 1 1645 0
1 1552 1 1646 0
1 1647 1 563 0
1 960 1 1648 0
1 1550 1 1649 0
1 839 1 1650 0
1 1651 1 1314 0
1 1652 1 1021 0
1 1653 1 733 0
1 417 1 1654 0
1 899 1 1655 0
1 1656 1 497 0
1 924 1 1657 0
1 1658 1 1330 0
1 1659 1 1360 0
1 1740 1 1660 0
1 1447 1 1661 0
1 1662 1 604 0
1 197 1 1663 0
1 1664 1 1267 0
1 1665 1 803 0
1 458 1 1666 0
1 1667 1 1709 0
1 317 1 1668 0
1 1669 1 842 0
1 1670 1 2042 0
1 1671 1 1326 0
1 1672 1 1058 0
1 1285 1 1673 0
1 755 1 1674 0
1 41 1 1675 0
1 1676 1 686 0
1 1677 1 502 0
1 1678 1 1843 0
1 1679 1 406 0
1 1003 1 1680 0
1 1681 1 1832 0
1 1682 1 1486 0
1 1657 1 1683 0
1 1684 1 933 0
1 472 1 1685 0
1 1686 1 1470 0
1 1687 1 1034 0
1 1688 1 362 0
1 1930 1 1689 0
1 1690 1 1392 0
1 1691 1 1743 0
1 1692 1 179 0
1 744 1 1693 0
1 1991 1 1694 0
1 1695 1 683 0
1 1696 1 1164 0
1 1697 1 1985 0
1 157 1 1698 0
1 1699 1 1872 0
1 1700 1 214 0
1 1701 1 498 0
1 82 1 1702 0
1 1103 1 1703 0
1 449 1 1704 0
1 2049 1 1705 0
1 1706 1 1112 0
1 1707 1 1268 0
1 1708 1 1607 0
1 517 1 1709 0
1 1710 1 1035 0
1 833 1 1711 0
1 1194 1 1712 0
1 1713 1 1347 0
1 607 1 1714 0
1 1715 1 1607 0
1 1716 1 1746 0
1 1888 1 1717 0
1 1718 1 480 0
1 1719 1 212 0
1 1720 1 143 0
1 527 1 1721 0
1 1476 1 1722 0
1 1831 1 1723 0
1 1461 1 1724 0
1 312 1 1725 0
1 203 1 1726 0
1 1535 1 1727 0
1 1728 1 258 0
1 1943 1 1729 0
1 1393 1 1730 0
1 1731 1 454 0
1 1732 1 1490 0
1 1243 1 1733 0
1 1734 1 1288 0
1 2040 1 1735 0
1 1736 1 159 0
1 1737 1 1477 0
1 1738 1 780 0
1 1507 1 1739 0
1 255 1 1740 0
1 1441 1 1741 0
1 1742 1 2044 0
1 1621 1 1743 0
1 1858 1 1744 0
1 1749 1 1745 0
1 1746 1 1194 0
1 1011 1 1747 0
1 686 1 1748 0
1 382 1 1749 0
1 1750 1 883 0
1 1751 1 1272 0
1 280 1 1752 0
1 497 1 1753 0
1 1510 1 1754 0
1 804 1 1755 0
1 1756 1 1895 0
1 1847 1 1757 0
1 1758 1 263 0
1 1759 1 1577 0
1 1614 1 1760 0
1 1270 1 1761 0
1 1762 1 594 0
1 673 1 1763 0
1 1342 1 1764 0
1 1765 1 1057 0
1 1766 1 164 0
1 1492 1 1767 0
1 1768 1 55 0
1 1769 1 1099 0
1 1770 1 1726 0
1 1771 1 924 0
1 1614 1 1772 0
1 1352 1 1773 0
1 563 1 1774 0
1 384 1 1775 0
1 1147 1 1776 0
1 1621 1 1777 0
1 1778 1 831 0
1 1861 1 1779 0
1 1780 1 477 0
1 1781 1 1250 0
1 1782 1 1029 0
1 1739 1 1783 0
1 1277 1 1784 0
1 1785 1 1274 0
1 1062 1 1786 0
1 1787 1 323 0
1 1926 1 1788 0
1 330 1 1789 0
1 1790 1 2050 0
1 1791 1 747 0
1 927 1 1792 0
1 1907 1 1793 0
1 1045 1 1794 0
1 1004 1 1795 0
1 1796 1 190 0
1 1797 1 291 0
1 1373 1 1798 0
1 201 1 1799 0
1 1800 1 841 0
1 1801 1 483 0
1 1802 1 136 0
1 1803 1 825 0
1 1030 1 1804 0
1 1805 1 598 0
1 1499 1 1806 0
1 947 1 1807 0
1 1808 1 1709 0
1 1809 1 873 0
1 1810 1 1040 0
1 1811 1 1283 0
1 1258 1 1812 0
1 1102 1 1813 0
1 1814 1 1895 0
1 1815 1 84 0
1 1366 1 1816 0
1 1644 1 1817 0
1 1818 1 490 0
1 670 1 1819 0
1 1563 1 1820 0
1 1821 1 1967 0
1 1441 1 1822 0
1 1823 1 2023 0
1 417 1 1824 0
1 1825 1 58 0
1 1826 1 1099 0
1 1894 1 1827 0
1 1828 1 869 0
1 1974 1 1829 0
1 1830 1 1902 0
1 1831 1 287 0
1 67 1 1832 0
1 1491 1 1833 0
1 1292 1 1834 0
1 1835 1 857 0
1 1836 1 474 0
1 1837 1 2001 0
1 1838 1 1690 0
1 1313 1 1839 0
1 1840 1 1364 0
1 1841 1 1610 0
1 753 1 1842 0
1 1843 1 1401 0
1 331 1 1844 0
1 1845 1 685 0
1 1058 1 1846 0
1 354 1 1847 0
1 1531 1 1848 0
1 1522 1 1849 0
1 248 1 1850 0
1 1378 1 1851 0
1 1852 1 1413 0
1 1853 1 575 0
1 1616 1 1854 0
1 261 1 1855 0
1 1856 1 671 0
1 1857 1 1417 0
1 1330 1 1858 0
1 770 1 1859 0
1 1860 1 2050 0
1 940 1 1861 0
1 1862 1 457 0
1 330 1 1863 0
1 90 1 1864 0
1 1236 1 1865 0
1 1866 1 184 0
1 1867 1 774 0
1 1868 1 511 0
1 512 1 1869 0
1 1870 1 1663 0
1 1587 1 1871 0
1 1872 1 189 0
1 1776 1 1873 0
1 1874 1 92 0
1 1606 1 1875 0
1 1876 1 1719 0
1 837 1 1877 0
1 555 1 1878 0
1 64 1 1879 0
1 1880 1 503 0
1 1967 1 1881 0
1 479 1 1882 0
1 522 1 1883 0
1 1884 1 982 0
1 1885 1 1917 0
1 95 1 1886 0
1 1887 1 1702 0
1 1888 1 669 0
1 43 1 1889 0
1 1144 1 1890 0
1 1891 1 1427 0
1 1892 1 1521 0
1 2010 1 1893 0
1 1894 1 1446 0
1 1895 1 1190 0
1 1896 1 1477 0
1 1636 1 1897 0
1 1898 1 426 0
1 1899 1 1321 0
1 1900 1 1318 0
1 1901 1 215 0
1 605 1 1902 0
1 1903 1 1455 0
1 2030 1 1904 0
1 1905 1 1679 0
1 1906 1 1065 0
1 553 1 1907 0
1 1767 1 1908 0
1 1429 1 1909 0
1 1910 1 1203 0
1 1911 1 327 0
1 1912 1 36 0
1 21 1 1913 0
1 1193 1 1914 0
1 1915 1 254 0
1 1916 1 1790 0
1 1917 1 1703 0
1 1918 1 1886 0
1 1100 1 1919 0
1 1920 1 1549 0
1 370 1 1921 0
1 1922 1 730 0
1 1923 1 252 0
1 1924 1 372 0
1 247 1 1925 0
1 1926 1 1772 0
1 1927 1 734 0
1 1928 1 240 0
1 1929 1 461 0
1 1113 1 1930 0
1 1931 1 1887 0
1 1932 1 1406 0
1 446 1 1933 0
1 1841 1 1934 0
1 1935 1 1558 0
1 1931 1 1936 0
1 1937 1 1854 0
1 1938 1 816 0
1 1941 1 1939 0
1 1940 1 1423 0
1 1737 1 1941 0
1 1942 1 543 0
1 1287 1 1943 0
1 1944 1 1531 0
1 1945 1 307 0
1 1946 1 1714 0
1 1090 1 1947 0
1 771 1 1948 0
1 1011 1 1949 0
1 104 1 1950 0
1 1951 1 1925 0
1 1952 1 1529 0
1 1953 1 722 0
1 1954 1 793 0
1 1955 1 58 0
1 728 1 1956 0
1 1957 1 115 0
1 1954 1 1958 0
1 1959 1 118 0
1 1382 1 1960 0
1 1063 1 1961 0
1 375 1 1962 0
1 1963 1 852 0
1 1964 1 1248 0
1 735 1 1965 0
1 1966 1 1901 0
1 578 1 1967 0
1 1651 1 1968 0
1 1969 1 1025 0
1 1453 1 1970 0
1 1325 1 1971 0
1 779 1 1972 0
1 1973 1 1258 0
1 1974 1 1708 0
1 1975 1 1358 0
1 1976 1 1258 0
1 975 1 1977 0
1 1978 1 2 0
1 1979 1 1125 0
1 65 1 1980 0
1 428 1 1981 0
1 1982 1 869 0
1 733 1 1983 0
1 1984 1 1198 0
1 1985 1 214 0
1 1986 1 1284 0
1 1987 1 1142 0
1 1988 1 1323 0
1 1989 1 1249 0
1 1890 1 1990 0
1 965 1 1991 0
1 1846 1 1992 0
1 1993 1 1647 0
1 1994 1 1758 0
1 1360 1 1995 0
1 593 1 1996 0
1 1339 1 1997 0
1 744 1 1998 0
1 1999 1 1810 0
1 1679 1 2000 0
1 2001 1 1012 0
1 380 1 2002 0
1 1622 1 2003 0
1 2004 1 710 0
1 2005 1 190 0
1 594 1 2006 0
1 2007 1 1390 0
1 765 1 2008 0
1 2009 1 1313 0
1 2010 1 987 0
1 2011 1 1292 0
1 2012 1 271 0
1 2013 1 1468 0
1 1730 1 2014 0
1 2015 1 1292 0
1 978 1 2016 0
1 2017 1 1781 0
1 1130 1 2018 0
1 433 1 2019 0
1 1935 1 2020 0
1 2021 1 581 0
1 2022 1 321 0
1 2023 1 67 0
1 952 1 2024 0
1 1590 1 2025 0
1 1089 1 2026 0
1 2027 1 387 0
1 1373 1 2028 0
1 1086 1 2029 0
1 203 1 2030 0
1 2031 1 686 0
1 1313 1 2032 0
1 2033 1 492 0
1 1659 1 2034 0
1 1479 1 2035 0
1 2036 1 928 0
1 1947 1 2037 0
1 2038 1 1469 0
1 2039 1 1327 0
1 6 1 2040 0
1 2041 1 303 0
1 1097 1 2042 0
1 1833 1 2043 0
1 2044 1 1737 0
1 2045 1 1131 0
1 2046 1 1131 0
1 2047 1 743 0
1 2048 1 1686 0
1 2049 1 281 0
1 249 1 2050 0
