2250 2250
1 2038 1 1 0
1 2 1 2198 0
1 1314 1 3 0
1 4 1 867 0
1 5 1 1792 0
1 6 1 1456 0
1 1898 1 7 0
1 53 1 8 0
1 242 1 9 0
1 10 1 2126 0
1 11 1 1903 0
1 12 1 861 0
1 13 1 762 0
1 1808 1 14 0
1 646 1 15 0
1 16 1 1533 0
1 17 1 526 0
1 435 1 18 0
1 1099 1 19 0
1 1555 1 20 0
1 21 1 1572 0
1 22 1 1768 0
1 23 1 1811 0
1 1239 1 24 0
1 703 1 25 0
1 26 1 1176 0
1 27 1 347 0
1 28 1 1614 0
1 594 1 29 0
1 370 1 30 0
1 722 1 31 0
1 499 1 32 0
1 1856 1 33 0
1 1908 1 34 0
1 35 1 594 0
1 1788 1 36 0
1 37 1 1204 0
1 482 1 38 0
1 77 1 39 0
1 40 1 46 0
1 41 1 1441 0
1 42 1 1184 0
1 43 1 2235 0
1 1739 1 44 0
1 791 1 45 0
1 46 1 1669 0
1 47 1 1991 0
1 851 1 48 0
1 839 1 49 0
1 50 1 2048 0
1 33 1 51 0
1 52 1 1757 0
1 1647 1 53 0
1 54 1 354 0
1 1985 1 55 0
1 56 1 964 0
1 57 1 189 0
1 58 1 300 0
1 59 1 638 0
1 60 1 890 0
1 316 1 61 0
1 1866 1 62 0
1 63 1 332 0
1 64 1 265 0
1 450 1 65 0
1 2177 1 66 0
1 1878 1 67 0
1 1620 1 68 0
1 958 1 69 0
1 1200 1 70 0
1 71 1 1108 0
1 1066 1 72 0
1 73 1 869 0
1 2031 1 74 0
1 1283 1 75 0
1 425 1 76 0
1 77 1 1504 0
1 1927 1 78 0
1 1243 1 79 0
1 80 1 1562 0
1 81 1 1371 0
1 82 1 256 0
1 83 1 744 0
1 84 1 1205 0
1 1103 1 85 0
1 86 1 310 0
1 87 1 1658 0
1 1472 1 88 0
1 915 1 89 0
1 1412 1 90 0
1 91 1 545 0
1 1234 1 92 0
1 93 1 1502 0
1 94 1 1549 0
1 1544 1 95 0
1 96 1 40 0
1 97 1 2140 0
1 98 1 352 0
1 1884 1 99 0
1 100 1 1872 0
1 1491 1 101 0
1 1552 1 102 0
1 103 1 1959 0
1 234 1 104 0
1 773 1 105 0
1 1801 1 106 0
1 1601 1 107 0
1 1414 1 108 0
1 682 1 109 0
1 1897 1 110 0
1 111 1 2156 0
1 857 1 112 0
1 510 1 113 0
1 114 1 2088 0
1 1386 1 115 0
1 116 1 2099 0
1 117 1 786 0
1 1677 1 118 0
1 119 1 908 0
1 120 1 1573 0
1 121 1 1067 0
1 122 1 80 0
1 1599 1 123 0
1 1543 1 124 0
1 1992 1 125 0
1 592 1 126 0
1 444 1 127 0
1 350 1 128 0
1 1350 1 129 0
1 2040 1 130 0
1 131 1 1492 0
1 453 1 132 0
1 133 1 1467 0
1 1767 1 134 0
1 135 1 1682 0
1 136 1 646 0
1 895 1 137 0
1 1741 1 138 0
1 935 1 139 0
1 345 1 140 0
1 141 1 472 0
1 520 1 142 0
1 143 1 2040 0
1 144 1 1723 0
1 145 1 1819 0
1 391 1 146 0
1 2017 1 147 0
1 148 1 984 0
1 127 1 149 0
1 1799 1 150 0
1 1900 1 151 0
1 152 1 235 0
1 153 1 435 0
1 1220 1 154 0
1 484 1 155 0
1 156 1 1341 0
1 157 1 1901 0
1 1644 1 158 0
1 159 1 2128 0
1 926 1 160 0
1 161 1 1813 0
1 2071 1 162 0
1 490 1 163 0
1 164 1 2154 0
1 791 1 165 0
1 46 1 166 0
1 25 1 167 0
1 168 1 302 0
1 169 1 1412 0
1 170 1 1580 0
1 1141 1 171 0
1 172 1 873 0
1 1644 1 173 0
1 174 1 955 0
1 1112 1 175 0
1 176 1 743 0
1 1878 1 177 0
1 178 1 964 0
1 179 1 1757 0
1 180 1 661 0
1 181 1 1007 0
1 182 1 2037 0
1 183 1 1653 0
1 184 1 1364 0
1 185 1 589 0
1 1714 1 186 0
1 187 1 1176 0
1 188 1 758 0
1 1852 1 189 0
1 190 1 1658 0
1 538 1 191 0
1 192 1 16 0
1 193 1 154 0
1 194 1 891 0
1 218 1 195 0
1 196 1 1812 0
1 680 1 197 0
1 198 1 712 0
1 1524 1 199 0
1 200 1 1238 0
1 201 1 2227 0
1 2045 1 202 0
1 203 1 1331 0
1 1026 1 204 0
1 205 1 1150 0
1 10 1 206 0
1 207 1 1517 0
1 208 1 333 0
1 789 1 209 0
1 135 1 210 0
1 467 1 211 0
1 212 1 1275 0
1 2104 1 213 0
1 214 1 2095 0
1 426 1 215 0
1 1913 1 216 0
1 328 1 217 0
1 22 1 218 0
1 219 1 1828 0
1 689 1 220 0
1 221 1 908 0
1 1116 1 222 0
1 603 1 223 0
1 224 1 71 0
1 1211 1 225 0
1 226 1 655 0
1 2109 1 227 0
1 228 1 650 0
1 229 1 1216 0
1 698 1 230 0
1 231 1 1201 0
1 232 1 1942 0
1 233 1 847 0
1 234 1 1241 0
1 1590 1 235 0
1 236 1 2239 0
1 1882 1 237 0
1 568 1 238 0
1 211 1 239 0
1 240 1 1426 0
1 1687 1 241 0
1 1055 1 242 0
1 1507 1 243 0
1 244 1 254 0
1 245 1 143 0
1 246 1 920 0
1 1736 1 247 0
1 248 1 1067 0
1 249 1 625 0
1 250 1 58 0
1 251 1 1901 0
1 636 1 252 0
1 253 1 450 0
1 390 1 254 0
1 1848 1 255 0
1 256 1 1291 0
1 1677 1 257 0
1 258 1 925 0
1 1213 1 259 0
1 1021 1 260 0
1 419 1 261 0
1 262 1 145 0
1 263 1 1852 0
1 2185 1 264 0
1 265 1 804 0
1 1409 1 266 0
1 1651 1 267 0
1 268 1 870 0
1 269 1 2141 0
1 270 1 879 0
1 271 1 4 0
1 272 1 815 0
1 1878 1 273 0
1 163 1 274 0
1 2049 1 275 0
1 276 1 1393 0
1 1718 1 277 0
1 278 1 1546 0
1 279 1 528 0
1 548 1 280 0
1 973 1 281 0
1 2076 1 282 0
1 882 1 283 0
1 284 1 2070 0
1 285 1 1112 0
1 1745 1 286 0
1 287 1 1712 0
1 288 1 920 0
1 289 1 1219 0
1 290 1 1649 0
1 291 1 87 0
1 292 1 2026 0
1 293 1 69 0
1 1070 1 294 0
1 2078 1 295 0
1 859 1 296 0
1 297 1 645 0
1 298 1 980 0
1 299 1 441 0
1 1010 1 300 0
1 1734 1 301 0
1 302 1 207 0
1 303 1 933 0
1 304 1 2124 0
1 950 1 305 0
1 306 1 932 0
1 307 1 1564 0
1 1210 1 308 0
1 309 1 519 0
1 310 1 615 0
1 311 1 990 0
1 1573 1 312 0
1 796 1 313 0
1 1985 1 314 0
1 315 1 1795 0
1 316 1 1386 0
1 48 1 317 0
1 318 1 555 0
1 319 1 1605 0
1 1478 1 320 0
1 321 1 725 0
1 322 1 973 0
1 323 1 1378 0
1 2225 1 324 0
1 1114 1 325 0
1 326 1 52 0
1 1031 1 327 0
1 328 1 1103 0
1 273 1 329 0
1 2142 1 330 0
1 787 1 331 0
1 71 1 332 0
1 1540 1 333 0
1 334 1 124 0
1 335 1 1585 0
1 1585 1 336 0
1 337 1 37 0
1 338 1 1607 0
1 339 1 674 0
1 669 1 340 0
1 341 1 231 0
1 1622 1 342 0
1 168 1 343 0
1 344 1 957 0
1 345 1 1307 0
1 346 1 1961 0
1 99 1 347 0
1 1317 1 348 0
1 471 1 349 0
1 350 1 3 0
1 351 1 44 0
1 352 1 1959 0
1 305 1 353 0
1 354 1 1833 0
1 355 1 1590 0
1 433 1 356 0
1 357 1 1637 0
1 1361 1 358 0
1 2134 1 359 0
1 360 1 1001 0
1 361 1 1355 0
1 362 1 1437 0
1 1099 1 363 0
1 364 1 325 0
1 365 1 1965 0
1 634 1 366 0
1 1881 1 367 0
1 42 1 368 0
1 369 1 490 0
1 1619 1 370 0
1 371 1 2008 0
1 372 1 1517 0
1 540 1 373 0
1 918 1 374 0
1 375 1 1718 0
1 1250 1 376 0
1 377 1 52 0
1 411 1 378 0
1 738 1 379 0
1 380 1 2017 0
1 1948 1 381 0
1 482 1 382 0
1 28 1 383 0
1 384 1 2173 0
1 531 1 385 0
1 386 1 714 0
1 387 1 517 0
1 670 1 388 0
1 389 1 1061 0
1 390 1 274 0
1 391 1 2106 0
1 779 1 392 0
1 1905 1 393 0
1 394 1 2062 0
1 395 1 963 0
1 396 1 1405 0
1 397 1 574 0
1 398 1 1888 0
1 399 1 1034 0
1 400 1 849 0
1 401 1 245 0
1 402 1 1451 0
1 403 1 1002 0
1 404 1 1015 0
1 405 1 723 0
1 735 1 406 0
1 1132 1 407 0
1 2044 1 408 0
1 338 1 409 0
1 818 1 410 0
1 411 1 131 0
1 104 1 412 0
1 1940 1 413 0
1 370 1 414 0
1 415 1 1748 0
1 1620 1 416 0
1 417 1 244 0
1 418 1 746 0
1 2004 1 419 0
1 1383 1 420 0
1 1006 1 421 0
1 2082 1 422 0
1 1200 1 423 0
1 2033 1 424 0
1 425 1 2002 0
1 426 1 743 0
1 524 1 427 0
1 206 1 428 0
1 429 1 828 0
1 1356 1 430 0
1 1825 1 431 0
1 432 1 1566 0
1 433 1 605 0
1 434 1 253 0
1 435 1 1329 0
1 436 1 120 0
1 1437 1 437 0
1 438 1 2041 0
1 439 1 519 0
1 440 1 1873 0
1 1546 1 441 0
1 442 1 733 0
1 443 1 890 0
1 444 1 1802 0
1 445 1 121 0
1 712 1 446 0
1 2165 1 447 0
1 1317 1 448 0
1 254 1 449 0
1 450 1 1490 0
1 451 1 960 0
1 1874 1 452 0
1 793 1 453 0
1 454 1 2075 0
1 455 1 901 0
1 702 1 456 0
1 611 1 457 0
1 1300 1 458 0
1 1457 1 459 0
1 1871 1 460 0
1 461 1 2111 0
1 462 1 919 0
1 2206 1 463 0
1 2023 1 464 0
1 465 1 1820 0
1 571 1 466 0
1 467 1 1521 0
1 468 1 909 0
1 469 1 1721 0
1 775 1 470 0
1 471 1 61 0
1 472 1 338 0
1 458 1 473 0
1 474 1 881 0
1 1000 1 475 0
1 497 1 476 0
1 1479 1 477 0
1 26 1 478 0
1 1080 1 479 0
1 791 1 480 0
1 1459 1 481 0
1 1444 1 482 0
1 1987 1 483 0
1 484 1 1535 0
1 485 1 41 0
1 486 1 1515 0
1 120 1 487 0
1 2125 1 488 0
1 525 1 489 0
1 490 1 1574 0
1 1742 1 491 0
1 1251 1 492 0
1 800 1 493 0
1 1764 1 494 0
1 495 1 1553 0
1 1894 1 496 0
1 497 1 985 0
1 498 1 1665 0
1 585 1 499 0
1 500 1 1894 0
1 2018 1 501 0
1 1836 1 502 0
1 1430 1 503 0
1 504 1 1737 0
1 505 1 730 0
1 2087 1 506 0
1 507 1 2192 0
1 508 1 2188 0
1 509 1 1082 0
1 1656 1 510 0
1 1652 1 511 0
1 863 1 512 0
1 513 1 1904 0
1 514 1 10 0
1 515 1 572 0
1 1496 1 516 0
1 517 1 1806 0
1 518 1 2062 0
1 1607 1 519 0
1 890 1 520 0
1 521 1 2227 0
1 1947 1 522 0
1 523 1 1091 0
1 524 1 1836 0
1 1832 1 525 0
1 526 1 321 0
1 1083 1 527 0
1 528 1 165 0
1 1274 1 529 0
1 1088 1 530 0
1 531 1 97 0
1 532 1 715 0
1 533 1 787 0
1 873 1 534 0
1 1154 1 535 0
1 536 1 1665 0
1 73 1 537 0
1 759 1 538 0
1 534 1 539 0
1 540 1 226 0
1 1636 1 541 0
1 542 1 1016 0
1 543 1 1673 0
1 544 1 2039 0
1 545 1 1336 0
1 851 1 546 0
1 369 1 547 0
1 859 1 548 0
1 2211 1 549 0
1 550 1 156 0
1 551 1 860 0
1 919 1 552 0
1 553 1 1902 0
1 554 1 1295 0
1 555 1 1428 0
1 1607 1 556 0
1 557 1 1888 0
1 558 1 2052 0
1 671 1 559 0
1 560 1 1786 0
1 561 1 1029 0
1 562 1 1571 0
1 703 1 563 0
1 564 1 646 0
1 565 1 1656 0
1 268 1 566 0
1 1711 1 567 0
1 1893 1 568 0
1 569 1 1905 0
1 570 1 494 0
1 1720 1 571 0
1 76 1 572 0
1 573 1 900 0
1 1553 1 574 0
1 575 1 1850 0
1 909 1 576 0
1 577 1 124 0
1 915 1 578 0
1 1460 1 579 0
1 1630 1 580 0
1 581 1 313 0
1 582 1 1839 0
1 860 1 583 0
1 84 1 584 0
1 585 1 1130 0
1 586 1 740 0
1 587 1 507 0
1 588 1 2015 0
1 1041 1 589 0
1 1211 1 590 0
1 591 1 552 0
1 333 1 592 0
1 593 1 1297 0
1 594 1 2152 0
1 595 1 664 0
1 350 1 596 0
1 597 1 1801 0
1 598 1 1712 0
1 419 1 599 0
1 1884 1 600 0
1 601 1 2228 0
1 602 1 1206 0
1 266 1 603 0
1 997 1 604 0
1 605 1 2043 0
1 606 1 1813 0
1 607 1 548 0
1 220 1 608 0
1 609 1 1690 0
1 138 1 610 0
1 611 1 475 0
1 2019 1 612 0
1 613 1 240 0
1 1487 1 614 0
1 2173 1 615 0
1 514 1 616 0
1 168 1 617 0
1 2141 1 618 0
1 2121 1 619 0
1 1375 1 620 0
1 621 1 1558 0
1 2003 1 622 0
1 623 1 1215 0
1 624 1 1255 0
1 1897 1 625 0
1 626 1 947 0
1 1903 1 627 0
1 1514 1 628 0
1 629 1 1998 0
1 811 1 630 0
1 1999 1 631 0
1 632 1 976 0
1 398 1 633 0
1 634 1 305 0
1 635 1 1144 0
1 1298 1 636 0
1 2192 1 637 0
1 1469 1 638 0
1 639 1 2105 0
1 967 1 640 0
1 184 1 641 0
1 2205 1 642 0
1 643 1 1207 0
1 810 1 644 0
1 80 1 645 0
1 646 1 1402 0
1 1214 1 647 0
1 1298 1 648 0
1 649 1 96 0
1 650 1 1141 0
1 651 1 578 0
1 652 1 1065 0
1 1978 1 653 0
1 665 1 654 0
1 150 1 655 0
1 656 1 2022 0
1 930 1 657 0
1 658 1 2185 0
1 881 1 659 0
1 2209 1 660 0
1 458 1 661 0
1 1464 1 662 0
1 663 1 856 0
1 1834 1 664 0
1 182 1 665 0
1 624 1 666 0
1 531 1 667 0
1 668 1 774 0
1 898 1 669 0
1 95 1 670 0
1 1327 1 671 0
1 672 1 307 0
1 1544 1 673 0
1 1867 1 674 0
1 675 1 899 0
1 921 1 676 0
1 1177 1 677 0
1 1411 1 678 0
1 679 1 135 0
1 75 1 680 0
1 681 1 1346 0
1 682 1 932 0
1 1681 1 683 0
1 1646 1 684 0
1 1320 1 685 0
1 686 1 615 0
1 972 1 687 0
1 1696 1 688 0
1 1441 1 689 0
1 912 1 690 0
1 543 1 691 0
1 692 1 605 0
1 1879 1 693 0
1 694 1 64 0
1 1036 1 695 0
1 1108 1 696 0
1 1379 1 697 0
1 698 1 542 0
1 699 1 1344 0
1 410 1 700 0
1 1926 1 701 0
1 702 1 1083 0
1 703 1 1158 0
1 2196 1 704 0
1 705 1 584 0
1 706 1 2161 0
1 707 1 2148 0
1 1722 1 708 0
1 704 1 709 0
1 2125 1 710 0
1 453 1 711 0
1 712 1 2053 0
1 782 1 713 0
1 714 1 1958 0
1 715 1 214 0
1 1893 1 716 0
1 717 1 1003 0
1 1014 1 718 0
1 529 1 719 0
1 672 1 720 0
1 204 1 721 0
1 1993 1 722 0
1 723 1 1000 0
1 1393 1 724 0
1 760 1 725 0
1 1616 1 726 0
1 1075 1 727 0
1 1078 1 728 0
1 182 1 729 0
1 883 1 730 0
1 731 1 1516 0
1 394 1 732 0
1 733 1 181 0
1 1514 1 734 0
1 1796 1 735 0
1 603 1 736 0
1 452 1 737 0
1 1217 1 738 0
1 561 1 739 0
1 740 1 993 0
1 108 1 741 0
1 742 1 1848 0
1 743 1 828 0
1 744 1 1929 0
1 745 1 696 0
1 746 1 2000 0
1 747 1 732 0
1 1872 1 748 0
1 1926 1 749 0
1 750 1 526 0
1 2108 1 751 0
1 752 1 1885 0
1 753 1 758 0
1 754 1 2190 0
1 1536 1 755 0
1 1142 1 756 0
1 232 1 757 0
1 758 1 1864 0
1 683 1 759 0
1 760 1 1097 0
1 1118 1 761 0
1 762 1 1178 0
1 763 1 708 0
1 764 1 160 0
1 830 1 765 0
1 766 1 1880 0
1 767 1 915 0
1 768 1 1604 0
1 1030 1 769 0
1 503 1 770 0
1 1638 1 771 0
1 772 1 750 0
1 2188 1 773 0
1 674 1 774 0
1 165 1 775 0
1 191 1 776 0
1 777 1 801 0
1 1245 1 778 0
1 779 1 366 0
1 1442 1 780 0
1 781 1 1531 0
1 2116 1 782 0
1 1618 1 783 0
1 394 1 784 0
1 372 1 785 0
1 1206 1 786 0
1 787 1 1170 0
1 788 1 1927 0
1 789 1 2150 0
1 790 1 2139 0
1 1483 1 791 0
1 137 1 792 0
1 2121 1 793 0
1 794 1 2156 0
1 795 1 1088 0
1 1776 1 796 0
1 1034 1 797 0
1 798 1 2166 0
1 799 1 1918 0
1 800 1 1700 0
1 801 1 586 0
1 802 1 173 0
1 1698 1 803 0
1 565 1 804 0
1 805 1 1418 0
1 806 1 1487 0
1 807 1 1810 0
1 808 1 1842 0
1 542 1 809 0
1 810 1 491 0
1 811 1 1968 0
1 812 1 1795 0
1 751 1 813 0
1 1248 1 814 0
1 1174 1 815 0
1 816 1 1375 0
1 723 1 817 0
1 818 1 677 0
1 260 1 819 0
1 328 1 820 0
1 2015 1 821 0
1 822 1 1187 0
1 823 1 1846 0
1 463 1 824 0
1 825 1 1716 0
1 826 1 1358 0
1 495 1 827 0
1 1668 1 828 0
1 1968 1 829 0
1 245 1 830 0
1 1425 1 831 0
1 832 1 2076 0
1 833 1 167 0
1 331 1 834 0
1 35 1 835 0
1 361 1 836 0
1 41 1 837 0
1 978 1 838 0
1 345 1 839 0
1 840 1 32 0
1 841 1 758 0
1 842 1 2016 0
1 1994 1 843 0
1 844 1 1569 0
1 845 1 713 0
1 846 1 1527 0
1 272 1 847 0
1 848 1 2100 0
1 849 1 1429 0
1 906 1 850 0
1 851 1 74 0
1 852 1 738 0
1 1328 1 853 0
1 216 1 854 0
1 855 1 1841 0
1 856 1 1836 0
1 604 1 857 0
1 858 1 1923 0
1 859 1 610 0
1 884 1 860 0
1 861 1 570 0
1 343 1 862 0
1 863 1 156 0
1 1987 1 864 0
1 865 1 2064 0
1 1037 1 866 0
1 1074 1 867 0
1 868 1 1295 0
1 869 1 2238 0
1 1936 1 870 0
1 871 1 2056 0
1 1850 1 872 0
1 873 1 864 0
1 874 1 867 0
1 875 1 389 0
1 529 1 876 0
1 774 1 877 0
1 878 1 1561 0
1 92 1 879 0
1 1212 1 880 0
1 480 1 881 0
1 882 1 79 0
1 549 1 883 0
1 1957 1 884 0
1 1284 1 885 0
1 1071 1 886 0
1 562 1 887 0
1 1647 1 888 0
1 889 1 1958 0
1 1945 1 890 0
1 891 1 1457 0
1 892 1 930 0
1 893 1 145 0
1 894 1 765 0
1 895 1 328 0
1 896 1 1431 0
1 897 1 716 0
1 2241 1 898 0
1 1564 1 899 0
1 900 1 1344 0
1 1548 1 901 0
1 902 1 359 0
1 903 1 1257 0
1 904 1 587 0
1 1911 1 905 0
1 1632 1 906 0
1 440 1 907 0
1 908 1 2033 0
1 909 1 628 0
1 793 1 910 0
1 65 1 911 0
1 912 1 511 0
1 913 1 2167 0
1 914 1 1555 0
1 1797 1 915 0
1 2148 1 916 0
1 949 1 917 0
1 918 1 1868 0
1 919 1 352 0
1 363 1 920 0
1 850 1 921 0
1 922 1 1726 0
1 923 1 2103 0
1 878 1 924 0
1 925 1 1042 0
1 370 1 926 0
1 927 1 2134 0
1 928 1 771 0
1 929 1 1324 0
1 930 1 1663 0
1 931 1 860 0
1 932 1 429 0
1 355 1 933 0
1 934 1 1173 0
1 1750 1 935 0
1 936 1 1662 0
1 188 1 937 0
1 780 1 938 0
1 939 1 1484 0
1 912 1 940 0
1 1046 1 941 0
1 2221 1 942 0
1 943 1 588 0
1 1702 1 944 0
1 945 1 1224 0
1 1840 1 946 0
1 947 1 1199 0
1 948 1 2161 0
1 949 1 947 0
1 1765 1 950 0
1 1774 1 951 0
1 952 1 662 0
1 1562 1 953 0
1 519 1 954 0
1 1242 1 955 0
1 956 1 42 0
1 2137 1 957 0
1 958 1 1353 0
1 303 1 959 0
1 960 1 1162 0
1 2025 1 961 0
1 2200 1 962 0
1 963 1 2006 0
1 964 1 278 0
1 1202 1 965 0
1 1662 1 966 0
1 540 1 967 0
1 968 1 1385 0
1 969 1 947 0
1 970 1 475 0
1 971 1 2210 0
1 2234 1 972 0
1 858 1 973 0
1 974 1 650 0
1 2110 1 975 0
1 993 1 976 0
1 977 1 888 0
1 830 1 978 0
1 34 1 979 0
1 980 1 271 0
1 322 1 981 0
1 982 1 187 0
1 1371 1 983 0
1 984 1 2088 0
1 748 1 985 0
1 1361 1 986 0
1 987 1 2068 0
1 1630 1 988 0
1 211 1 989 0
1 1946 1 990 0
1 278 1 991 0
1 1119 1 992 0
1 993 1 69 0
1 994 1 1031 0
1 370 1 995 0
1 1992 1 996 0
1 409 1 997 0
1 998 1 16 0
1 999 1 1231 0
1 1000 1 2095 0
1 183 1 1001 0
1 2134 1 1002 0
1 1003 1 367 0
1 1243 1 1004 0
1 1881 1 1005 0
1 1006 1 2098 0
1 1007 1 1761 0
1 735 1 1008 0
1 2219 1 1009 0
1 1586 1 1010 0
1 278 1 1011 0
1 1630 1 1012 0
1 1013 1 1716 0
1 1014 1 1615 0
1 701 1 1015 0
1 359 1 1016 0
1 1017 1 1230 0
1 435 1 1018 0
1 1019 1 1331 0
1 1227 1 1020 0
1 697 1 1021 0
1 1022 1 639 0
1 774 1 1023 0
1 1024 1 204 0
1 797 1 1025 0
1 1182 1 1026 0
1 1213 1 1027 0
1 752 1 1028 0
1 1471 1 1029 0
1 228 1 1030 0
1 791 1 1031 0
1 1941 1 1032 0
1 99 1 1033 0
1 1034 1 1584 0
1 1461 1 1035 0
1 1036 1 2193 0
1 1037 1 533 0
1 1732 1 1038 0
1 1039 1 785 0
1 2227 1 1040 0
1 707 1 1041 0
1 1173 1 1042 0
1 257 1 1043 0
1 1044 1 1291 0
1 782 1 1045 0
1 1172 1 1046 0
1 1629 1 1047 0
1 1048 1 58 0
1 39 1 1049 0
1 1917 1 1050 0
1 551 1 1051 0
1 1765 1 1052 0
1 1053 1 912 0
1 1255 1 1054 0
1 1055 1 665 0
1 198 1 1056 0
1 1764 1 1057 0
1 38 1 1058 0
1 1366 1 1059 0
1 1060 1 1137 0
1 1375 1 1061 0
1 369 1 1062 0
1 1063 1 2061 0
1 1064 1 232 0
1 472 1 1065 0
1 1066 1 922 0
1 619 1 1067 0
1 1467 1 1068 0
1 1069 1 1623 0
1 1070 1 63 0
1 2070 1 1071 0
1 519 1 1072 0
1 1073 1 1029 0
1 1074 1 921 0
1 1096 1 1075 0
1 1076 1 508 0
1 1077 1 767 0
1 1078 1 349 0
1 1079 1 975 0
1 1202 1 1080 0
1 1081 1 193 0
1 1082 1 965 0
1 1098 1 1083 0
1 1084 1 400 0
1 1250 1 1085 0
1 2059 1 1086 0
1 770 1 1087 0
1 1088 1 1545 0
1 1089 1 2063 0
1 1207 1 1090 0
1 1336 1 1091 0
1 595 1 1092 0
1 2094 1 1093 0
1 1094 1 600 0
1 1104 1 1095 0
1 926 1 1096 0
1 1097 1 362 0
1 1098 1 719 0
1 1099 1 43 0
1 1100 1 1678 0
1 1101 1 2240 0
1 1102 1 617 0
1 1103 1 1539 0
1 301 1 1104 0
1 257 1 1105 0
1 1185 1 1106 0
1 1001 1 1107 0
1 318 1 1108 0
1 2022 1 1109 0
1 1110 1 133 0
1 1111 1 884 0
1 1112 1 171 0
1 1460 1 1113 0
1 621 1 1114 0
1 18 1 1115 0
1 1116 1 716 0
1 1117 1 1580 0
1 858 1 1118 0
1 1119 1 1672 0
1 1120 1 209 0
1 1121 1 2092 0
1 1804 1 1122 0
1 462 1 1123 0
1 1929 1 1124 0
1 1125 1 751 0
1 295 1 1126 0
1 1127 1 1199 0
1 1128 1 723 0
1 1129 1 734 0
1 2116 1 1130 0
1 1131 1 711 0
1 713 1 1132 0
1 1133 1 841 0
1 1134 1 1733 0
1 2131 1 1135 0
1 1136 1 1384 0
1 1137 1 114 0
1 1138 1 1767 0
1 468 1 1139 0
1 2201 1 1140 0
1 1353 1 1141 0
1 1142 1 408 0
1 1143 1 2096 0
1 247 1 1144 0
1 1365 1 1145 0
1 1146 1 1397 0
1 1147 1 2250 0
1 1148 1 1995 0
1 110 1 1149 0
1 1150 1 279 0
1 1151 1 1672 0
1 188 1 1152 0
1 1666 1 1153 0
1 1836 1 1154 0
1 1155 1 615 0
1 1807 1 1156 0
1 207 1 1157 0
1 34 1 1158 0
1 1159 1 213 0
1 1160 1 1060 0
1 1704 1 1161 0
1 1329 1 1162 0
1 370 1 1163 0
1 2077 1 1164 0
1 1385 1 1165 0
1 1166 1 1975 0
1 565 1 1167 0
1 327 1 1168 0
1 416 1 1169 0
1 1170 1 111 0
1 2176 1 1171 0
1 956 1 1172 0
1 1894 1 1173 0
1 941 1 1174 0
1 2226 1 1175 0
1 1176 1 1947 0
1 1177 1 648 0
1 1178 1 1374 0
1 1179 1 1056 0
1 457 1 1180 0
1 1181 1 2166 0
1 1182 1 1932 0
1 848 1 1183 0
1 476 1 1184 0
1 1185 1 86 0
1 302 1 1186 0
1 1187 1 1320 0
1 1666 1 1188 0
1 1189 1 876 0
1 494 1 1190 0
1 497 1 1191 0
1 1402 1 1192 0
1 273 1 1193 0
1 1930 1 1194 0
1 1195 1 1055 0
1 1196 1 1105 0
1 1197 1 1934 0
1 2024 1 1198 0
1 1199 1 1978 0
1 1200 1 276 0
1 1946 1 1201 0
1 1202 1 1009 0
1 1203 1 1441 0
1 1204 1 319 0
1 1205 1 543 0
1 321 1 1206 0
1 1207 1 354 0
1 1208 1 706 0
1 701 1 1209 0
1 1210 1 2181 0
1 373 1 1211 0
1 1741 1 1212 0
1 1682 1 1213 0
1 1214 1 2059 0
1 2043 1 1215 0
1 1216 1 1543 0
1 2105 1 1217 0
1 864 1 1218 0
1 621 1 1219 0
1 1366 1 1220 0
1 1926 1 1221 0
1 1141 1 1222 0
1 1223 1 1300 0
1 68 1 1224 0
1 2171 1 1225 0
1 1017 1 1226 0
1 1227 1 559 0
1 1367 1 1228 0
1 1229 1 631 0
1 635 1 1230 0
1 1231 1 17 0
1 1232 1 1734 0
1 1595 1 1233 0
1 1234 1 437 0
1 1235 1 1617 0
1 1357 1 1236 0
1 1237 1 657 0
1 1238 1 861 0
1 1923 1 1239 0
1 1240 1 830 0
1 10 1 1241 0
1 117 1 1242 0
1 1243 1 427 0
1 55 1 1244 0
1 1777 1 1245 0
1 2079 1 1246 0
1 1247 1 1238 0
1 298 1 1248 0
1 1038 1 1249 0
1 1250 1 1733 0
1 1194 1 1251 0
1 1203 1 1252 0
1 725 1 1253 0
1 2054 1 1254 0
1 49 1 1255 0
1 1256 1 2001 0
1 221 1 1257 0
1 1258 1 662 0
1 1259 1 505 0
1 2061 1 1260 0
1 1261 1 1999 0
1 1262 1 1227 0
1 344 1 1263 0
1 1264 1 1727 0
1 1265 1 1735 0
1 1266 1 1658 0
1 1267 1 1962 0
1 878 1 1268 0
1 676 1 1269 0
1 195 1 1270 0
1 1271 1 179 0
1 1272 1 101 0
1 1273 1 113 0
1 2223 1 1274 0
1 1275 1 220 0
1 1276 1 1654 0
1 1277 1 1869 0
1 906 1 1278 0
1 1303 1 1279 0
1 858 1 1280 0
1 1281 1 2066 0
1 1755 1 1282 0
1 744 1 1283 0
1 1284 1 1591 0
1 289 1 1285 0
1 1881 1 1286 0
1 1529 1 1287 0
1 1288 1 1237 0
1 2206 1 1289 0
1 1290 1 452 0
1 996 1 1291 0
1 1292 1 2122 0
1 1293 1 362 0
1 1891 1 1294 0
1 2188 1 1295 0
1 1569 1 1296 0
1 423 1 1297 0
1 1298 1 701 0
1 1299 1 1850 0
1 1646 1 1300 0
1 1767 1 1301 0
1 1302 1 1012 0
1 1303 1 1132 0
1 1304 1 1941 0
1 629 1 1305 0
1 1306 1 573 0
1 1307 1 1909 0
1 1308 1 1698 0
1 1581 1 1309 0
1 448 1 1310 0
1 1311 1 39 0
1 656 1 1312 0
1 1313 1 394 0
1 1734 1 1314 0
1 1591 1 1315 0
1 1316 1 907 0
1 1317 1 1801 0
1 1318 1 702 0
1 1951 1 1319 0
1 1320 1 712 0
1 1321 1 694 0
1 377 1 1322 0
1 1323 1 1651 0
1 2247 1 1324 0
1 1325 1 688 0
1 1326 1 1742 0
1 1327 1 1396 0
1 2152 1 1328 0
1 1329 1 269 0
1 2233 1 1330 0
1 1331 1 1671 0
1 999 1 1332 0
1 2207 1 1333 0
1 2113 1 1334 0
1 1335 1 332 0
1 1336 1 1392 0
1 1515 1 1337 0
1 1338 1 326 0
1 1920 1 1339 0
1 596 1 1340 0
1 1844 1 1341 0
1 1342 1 1718 0
1 1555 1 1343 0
1 444 1 1344 0
1 420 1 1345 0
1 2055 1 1346 0
1 1869 1 1347 0
1 187 1 1348 0
1 857 1 1349 0
1 1350 1 2020 0
1 1591 1 1351 0
1 1484 1 1352 0
1 1353 1 828 0
1 1354 1 1846 0
1 777 1 1355 0
1 1356 1 193 0
1 1357 1 42 0
1 438 1 1358 0
1 1359 1 2060 0
1 581 1 1360 0
1 1361 1 1049 0
1 1362 1 2108 0
1 1363 1 1049 0
1 881 1 1364 0
1 1365 1 1165 0
1 2237 1 1366 0
1 1661 1 1367 0
1 1368 1 1290 0
1 1369 1 1405 0
1 1370 1 1913 0
1 1371 1 645 0
1 2091 1 1372 0
1 1373 1 1655 0
1 1374 1 57 0
1 1375 1 1486 0
1 472 1 1376 0
1 1377 1 370 0
1 2094 1 1378 0
1 1583 1 1379 0
1 1262 1 1380 0
1 1381 1 2035 0
1 435 1 1382 0
1 1925 1 1383 0
1 1384 1 1267 0
1 355 1 1385 0
1 353 1 1386 0
1 1387 1 310 0
1 1388 1 2206 0
1 1389 1 19 0
1 1390 1 1727 0
1 1536 1 1391 0
1 2013 1 1392 0
1 1393 1 1572 0
1 1394 1 753 0
1 1395 1 1009 0
1 1933 1 1396 0
1 1397 1 818 0
1 870 1 1398 0
1 217 1 1399 0
1 1650 1 1400 0
1 1401 1 1599 0
1 1402 1 657 0
1 608 1 1403 0
1 1248 1 1404 0
1 1159 1 1405 0
1 1406 1 440 0
1 1407 1 2234 0
1 1425 1 1408 0
1 1409 1 558 0
1 840 1 1410 0
1 1411 1 154 0
1 1412 1 1442 0
1 1413 1 2178 0
1 936 1 1414 0
1 1415 1 1365 0
1 492 1 1416 0
1 1717 1 1417 0
1 1418 1 27 0
1 524 1 1419 0
1 1420 1 725 0
1 225 1 1421 0
1 1422 1 1497 0
1 1423 1 2120 0
1 1424 1 507 0
1 194 1 1425 0
1 903 1 1426 0
1 1427 1 1116 0
1 1428 1 1268 0
1 2140 1 1429 0
1 1430 1 413 0
1 1431 1 697 0
1 1692 1 1432 0
1 1248 1 1433 0
1 1434 1 807 0
1 296 1 1435 0
1 1107 1 1436 0
1 411 1 1437 0
1 1438 1 1819 0
1 275 1 1439 0
1 272 1 1440 0
1 1621 1 1441 0
1 1442 1 68 0
1 2118 1 1443 0
1 656 1 1444 0
1 957 1 1445 0
1 1774 1 1446 0
1 798 1 1447 0
1 1486 1 1448 0
1 1449 1 473 0
1 1450 1 523 0
1 1451 1 1057 0
1 1479 1 1452 0
1 1453 1 1205 0
1 1454 1 1721 0
1 1112 1 1455 0
1 1947 1 1456 0
1 1457 1 1384 0
1 1182 1 1458 0
1 1459 1 1383 0
1 1460 1 812 0
1 1061 1 1461 0
1 645 1 1462 0
1 1463 1 590 0
1 344 1 1464 0
1 2048 1 1465 0
1 1466 1 238 0
1 1672 1 1467 0
1 1315 1 1468 0
1 1469 1 1330 0
1 1470 1 1845 0
1 1009 1 1471 0
1 1472 1 172 0
1 1473 1 2028 0
1 1474 1 1755 0
1 1475 1 1978 0
1 2036 1 1476 0
1 460 1 1477 0
1 1478 1 455 0
1 1549 1 1479 0
1 1480 1 1422 0
1 1249 1 1481 0
1 1482 1 1536 0
1 1483 1 285 0
1 268 1 1484 0
1 1485 1 171 0
1 1829 1 1486 0
1 132 1 1487 0
1 1227 1 1488 0
1 858 1 1489 0
1 187 1 1490 0
1 869 1 1491 0
1 154 1 1492 0
1 1493 1 8 0
1 1494 1 858 0
1 1495 1 656 0
1 2116 1 1496 0
1 1497 1 2076 0
1 59 1 1498 0
1 1499 1 2206 0
1 1500 1 1287 0
1 1501 1 1919 0
1 617 1 1502 0
1 1503 1 635 0
1 1504 1 120 0
1 1505 1 1997 0
1 1506 1 994 0
1 1948 1 1507 0
1 1508 1 1483 0
1 583 1 1509 0
1 1510 1 897 0
1 831 1 1511 0
1 1825 1 1512 0
1 1513 1 1380 0
1 1514 1 1739 0
1 1515 1 102 0
1 1516 1 2147 0
1 1517 1 239 0
1 1873 1 1518 0
1 1519 1 64 0
1 1520 1 1414 0
1 186 1 1521 0
1 2075 1 1522 0
1 1523 1 1101 0
1 1524 1 1628 0
1 1867 1 1525 0
1 1526 1 537 0
1 1527 1 105 0
1 1992 1 1528 0
1 1529 1 685 0
1 1530 1 2018 0
1 1531 1 1797 0
1 1532 1 1906 0
1 1262 1 1533 0
1 1534 1 2248 0
1 1535 1 1515 0
1 1536 1 1632 0
1 1159 1 1537 0
1 1538 1 1573 0
1 1539 1 2213 0
1 1540 1 1215 0
1 1812 1 1541 0
1 1542 1 737 0
1 856 1 1543 0
1 1457 1 1544 0
1 1994 1 1545 0
1 2069 1 1546 0
1 952 1 1547 0
1 1548 1 1186 0
1 2189 1 1549 0
1 1550 1 117 0
1 1230 1 1551 0
1 1458 1 1552 0
1 94 1 1553 0
1 1554 1 948 0
1 1614 1 1555 0
1 1114 1 1556 0
1 1557 1 466 0
1 1558 1 451 0
1 1480 1 1559 0
1 1316 1 1560 0
1 608 1 1561 0
1 1971 1 1562 0
1 1395 1 1563 0
1 1564 1 324 0
1 529 1 1565 0
1 390 1 1566 0
1 1567 1 1410 0
1 344 1 1568 0
1 1569 1 1126 0
1 413 1 1570 0
1 1571 1 2179 0
1 886 1 1572 0
1 1790 1 1573 0
1 2013 1 1574 0
1 1575 1 1493 0
1 1576 1 1105 0
1 1030 1 1577 0
1 1578 1 1499 0
1 493 1 1579 0
1 1621 1 1580 0
1 1036 1 1581 0
1 783 1 1582 0
1 1583 1 447 0
1 2110 1 1584 0
1 1585 1 989 0
1 1458 1 1586 0
1 565 1 1587 0
1 712 1 1588 0
1 1589 1 1382 0
1 1590 1 1102 0
1 487 1 1591 0
1 1592 1 867 0
1 1593 1 566 0
1 1594 1 1890 0
1 1595 1 690 0
1 1189 1 1596 0
1 317 1 1597 0
1 1598 1 1129 0
1 1599 1 1456 0
1 1600 1 293 0
1 443 1 1601 0
1 1602 1 713 0
1 1061 1 1603 0
1 1604 1 898 0
1 1605 1 1567 0
1 1606 1 1850 0
1 1607 1 1811 0
1 1608 1 2149 0
1 1525 1 1609 0
1 1610 1 1713 0
1 2052 1 1611 0
1 1612 1 1515 0
1 270 1 1613 0
1 1614 1 865 0
1 1911 1 1615 0
1 1620 1 1616 0
1 1617 1 1214 0
1 1426 1 1618 0
1 1110 1 1619 0
1 1620 1 2068 0
1 1621 1 90 0
1 1622 1 383 0
1 689 1 1623 0
1 469 1 1624 0
1 1599 1 1625 0
1 1817 1 1626 0
1 1627 1 74 0
1 947 1 1628 0
1 1155 1 1629 0
1 1630 1 430 0
1 1631 1 2140 0
1 1632 1 13 0
1 1055 1 1633 0
1 1634 1 1411 0
1 1635 1 2181 0
1 2058 1 1636 0
1 842 1 1637 0
1 1358 1 1638 0
1 647 1 1639 0
1 1640 1 2106 0
1 480 1 1641 0
1 2091 1 1642 0
1 206 1 1643 0
1 1238 1 1644 0
1 240 1 1645 0
1 359 1 1646 0
1 1647 1 2186 0
1 1648 1 1989 0
1 1649 1 1061 0
1 1650 1 346 0
1 477 1 1651 0
1 1652 1 1082 0
1 1653 1 967 0
1 98 1 1654 0
1 218 1 1655 0
1 1924 1 1656 0
1 1657 1 327 0
1 1658 1 992 0
1 1682 1 1659 0
1 1660 1 1002 0
1 1802 1 1661 0
1 194 1 1662 0
1 1663 1 209 0
1 1664 1 1509 0
1 1665 1 1464 0
1 1502 1 1666 0
1 1549 1 1667 0
1 1562 1 1668 0
1 1520 1 1669 0
1 570 1 1670 0
1 1671 1 1873 0
1 1672 1 376 0
1 1673 1 1034 0
1 1674 1 832 0
1 2014 1 1675 0
1 1676 1 23 0
1 1406 1 1677 0
1 1678 1 1651 0
1 1679 1 1071 0
1 1224 1 1680 0
1 1681 1 46 0
1 1682 1 11 0
1 1683 1 275 0
1 1684 1 330 0
1 1685 1 770 0
1 1686 1 1367 0
1 1732 1 1687 0
1 43 1 1688 0
1 1689 1 735 0
1 1690 1 693 0
1 1450 1 1691 0
1 1692 1 112 0
1 276 1 1693 0
1 2248 1 1694 0
1 1695 1 1505 0
1 2028 1 1696 0
1 2067 1 1697 0
1 905 1 1698 0
1 2205 1 1699 0
1 1700 1 280 0
1 1626 1 1701 0
1 1702 1 1415 0
1 1703 1 1869 0
1 1014 1 1704 0
1 56 1 1705 0
1 16 1 1706 0
1 305 1 1707 0
1 1708 1 270 0
1 1709 1 773 0
1 1710 1 2109 0
1 1711 1 178 0
1 1712 1 1469 0
1 1064 1 1713 0
1 1493 1 1714 0
1 1715 1 1891 0
1 1716 1 1316 0
1 1717 1 956 0
1 133 1 1718 0
1 1719 1 1814 0
1 1720 1 1964 0
1 1356 1 1721 0
1 1722 1 1051 0
1 2015 1 1723 0
1 498 1 1724 0
1 1725 1 1331 0
1 626 1 1726 0
1 1264 1 1727 0
1 1837 1 1728 0
1 1652 1 1729 0
1 878 1 1730 0
1 1731 1 1114 0
1 1732 1 337 0
1 1733 1 1386 0
1 1734 1 1629 0
1 2151 1 1735 0
1 1736 1 747 0
1 1737 1 176 0
1 1738 1 760 0
1 1739 1 1294 0
1 1740 1 909 0
1 1475 1 1741 0
1 1742 1 990 0
1 1743 1 902 0
1 446 1 1744 0
1 1745 1 1467 0
1 1746 1 623 0
1 2244 1 1747 0
1 1748 1 684 0
1 669 1 1749 0
1 1750 1 25 0
1 1751 1 394 0
1 778 1 1752 0
1 1753 1 1949 0
1 2173 1 1754 0
1 1397 1 1755 0
1 1756 1 61 0
1 1757 1 1640 0
1 1758 1 756 0
1 213 1 1759 0
1 1760 1 984 0
1 498 1 1761 0
1 1762 1 838 0
1 1763 1 1431 0
1 1764 1 660 0
1 1765 1 677 0
1 1766 1 2134 0
1 925 1 1767 0
1 1824 1 1768 0
1 1799 1 1769 0
1 2143 1 1770 0
1 1771 1 203 0
1 85 1 1772 0
1 1832 1 1773 0
1 1774 1 1716 0
1 1078 1 1775 0
1 118 1 1776 0
1 374 1 1777 0
1 1778 1 1849 0
1 182 1 1779 0
1 1687 1 1780 0
1 952 1 1781 0
1 1782 1 1208 0
1 1819 1 1783 0
1 488 1 1784 0
1 1303 1 1785 0
1 1786 1 556 0
1 35 1 1787 0
1 393 1 1788 0
1 1789 1 607 0
1 1094 1 1790 0
1 1791 1 1717 0
1 720 1 1792 0
1 1793 1 859 0
1 1794 1 1620 0
1 1795 1 1956 0
1 1796 1 839 0
1 1591 1 1797 0
1 661 1 1798 0
1 1799 1 1769 0
1 1800 1 382 0
1 1153 1 1801 0
1 663 1 1802 0
1 1803 1 886 0
1 1804 1 1098 0
1 1732 1 1805 0
1 329 1 1806 0
1 567 1 1807 0
1 1808 1 669 0
1 1809 1 491 0
1 2188 1 1810 0
1 1044 1 1811 0
1 1664 1 1812 0
1 458 1 1813 0
1 1988 1 1814 0
1 1815 1 2176 0
1 1617 1 1816 0
1 1782 1 1817 0
1 1818 1 2176 0
1 1819 1 1341 0
1 1820 1 1851 0
1 1821 1 2001 0
1 1217 1 1822 0
1 1831 1 1823 0
1 629 1 1824 0
1 1761 1 1825 0
1 1826 1 1210 0
1 1827 1 385 0
1 1828 1 1788 0
1 979 1 1829 0
1 1830 1 1454 0
1 535 1 1831 0
1 1832 1 1257 0
1 929 1 1833 0
1 1834 1 1004 0
1 1835 1 612 0
1 1173 1 1836 0
1 572 1 1837 0
1 2152 1 1838 0
1 1839 1 1438 0
1 1840 1 342 0
1 590 1 1841 0
1 881 1 1842 0
1 1843 1 840 0
1 1844 1 2112 0
1 1494 1 1845 0
1 1846 1 185 0
1 1847 1 1869 0
1 1848 1 171 0
1 1223 1 1849 0
1 1850 1 1848 0
1 658 1 1851 0
1 1852 1 1884 0
1 1694 1 1853 0
1 2069 1 1854 0
1 198 1 1855 0
1 1915 1 1856 0
1 1857 1 1334 0
1 724 1 1858 0
1 1859 1 1095 0
1 1860 1 686 0
1 1861 1 1610 0
1 131 1 1862 0
1 1863 1 384 0
1 1864 1 208 0
1 1865 1 2009 0
1 897 1 1866 0
1 1867 1 336 0
1 1477 1 1868 0
1 267 1 1869 0
1 1455 1 1870 0
1 1871 1 1202 0
1 710 1 1872 0
1 1401 1 1873 0
1 1874 1 3 0
1 1745 1 1875 0
1 21 1 1876 0
1 1877 1 1665 0
1 1878 1 737 0
1 1879 1 1799 0
1 1880 1 1962 0
1 1881 1 1114 0
1 1882 1 242 0
1 1883 1 1844 0
1 1884 1 1365 0
1 1885 1 223 0
1 1886 1 520 0
1 1887 1 2187 0
1 1888 1 1810 0
1 1889 1 384 0
1 746 1 1890 0
1 127 1 1891 0
1 1531 1 1892 0
1 1893 1 1242 0
1 2005 1 1894 0
1 1895 1 1392 0
1 94 1 1896 0
1 1897 1 2181 0
1 1261 1 1898 0
1 1500 1 1899 0
1 1900 1 2135 0
1 1516 1 1901 0
1 1651 1 1902 0
1 1254 1 1903 0
1 1904 1 1946 0
1 531 1 1905 0
1 1906 1 1547 0
1 1890 1 1907 0
1 583 1 1908 0
1 1909 1 226 0
1 771 1 1910 0
1 1911 1 1156 0
1 497 1 1912 0
1 1913 1 456 0
1 2157 1 1914 0
1 1915 1 1070 0
1 1916 1 1572 0
1 1917 1 49 0
1 1918 1 1843 0
1 933 1 1919 0
1 224 1 1920 0
1 1921 1 211 0
1 1922 1 1983 0
1 1586 1 1923 0
1 1924 1 519 0
1 1925 1 240 0
1 1143 1 1926 0
1 1927 1 1282 0
1 1871 1 1928 0
1 1929 1 1613 0
1 1930 1 1161 0
1 1931 1 349 0
1 1932 1 1783 0
1 1933 1 174 0
1 2166 1 1934 0
1 1935 1 1569 0
1 1069 1 1936 0
1 1937 1 1016 0
1 1938 1 1615 0
1 1939 1 1132 0
1 1940 1 863 0
1 322 1 1941 0
1 1942 1 1280 0
1 1943 1 1298 0
1 2127 1 1944 0
1 1945 1 988 0
1 597 1 1946 0
1 2148 1 1947 0
1 1948 1 155 0
1 1949 1 1820 0
1 271 1 1950 0
1 1951 1 960 0
1 890 1 1952 0
1 1953 1 1436 0
1 1884 1 1954 0
1 1955 1 1662 0
1 1956 1 407 0
1 1957 1 111 0
1 1609 1 1958 0
1 1959 1 1768 0
1 1960 1 1709 0
1 910 1 1961 0
1 1962 1 2070 0
1 1963 1 889 0
1 1964 1 412 0
1 1160 1 1965 0
1 1966 1 1583 0
1 901 1 1967 0
1 2047 1 1968 0
1 1969 1 800 0
1 1970 1 216 0
1 927 1 1971 0
1 1972 1 1703 0
1 2056 1 1973 0
1 1974 1 1960 0
1 1479 1 1975 0
1 1976 1 8 0
1 991 1 1977 0
1 1978 1 2205 0
1 1428 1 1979 0
1 507 1 1980 0
1 1981 1 1585 0
1 1982 1 1624 0
1 1983 1 345 0
1 600 1 1984 0
1 1985 1 1273 0
1 1029 1 1986 0
1 1092 1 1987 0
1 1988 1 1749 0
1 1989 1 4 0
1 956 1 1990 0
1 1991 1 340 0
1 209 1 1992 0
1 1993 1 1729 0
1 1994 1 1723 0
1 1454 1 1995 0
1 2188 1 1996 0
1 1990 1 1997 0
1 1998 1 372 0
1 1999 1 220 0
1 1526 1 2000 0
1 93 1 2001 0
1 346 1 2002 0
1 216 1 2003 0
1 963 1 2004 0
1 2005 1 1094 0
1 2006 1 1031 0
1 1410 1 2007 0
1 1311 1 2008 0
1 379 1 2009 0
1 229 1 2010 0
1 1168 1 2011 0
1 238 1 2012 0
1 2013 1 729 0
1 2014 1 1716 0
1 309 1 2015 0
1 1260 1 2016 0
1 1788 1 2017 0
1 2018 1 1746 0
1 2019 1 698 0
1 936 1 2020 0
1 2021 1 332 0
1 2022 1 2216 0
1 936 1 2023 0
1 2024 1 483 0
1 1237 1 2025 0
1 52 1 2026 0
1 2027 1 372 0
1 2028 1 1834 0
1 2029 1 2008 0
1 2030 1 2236 0
1 2031 1 1393 0
1 2046 1 2032 0
1 2033 1 598 0
1 2034 1 1519 0
1 2035 1 125 0
1 2036 1 2157 0
1 2037 1 44 0
1 843 1 2038 0
1 582 1 2039 0
1 2040 1 460 0
1 1216 1 2041 0
1 2042 1 713 0
1 1482 1 2043 0
1 1188 1 2044 0
1 2051 1 2045 0
1 2046 1 1167 0
1 838 1 2047 0
1 2048 1 1582 0
1 1641 1 2049 0
1 1559 1 2050 0
1 2051 1 373 0
1 717 1 2052 0
1 2053 1 1604 0
1 630 1 2054 0
1 2055 1 186 0
1 2056 1 170 0
1 2057 1 2187 0
1 2058 1 2170 0
1 1261 1 2059 0
1 259 1 2060 0
1 795 1 2061 0
1 2062 1 1552 0
1 2230 1 2063 0
1 568 1 2064 0
1 730 1 2065 0
1 2066 1 403 0
1 2067 1 1975 0
1 1938 1 2068 0
1 2069 1 512 0
1 744 1 2070 0
1 2071 1 1705 0
1 443 1 2072 0
1 483 1 2073 0
1 2074 1 754 0
1 2075 1 1191 0
1 1824 1 2076 0
1 431 1 2077 0
1 2078 1 586 0
1 2079 1 888 0
1 1309 1 2080 0
1 2081 1 473 0
1 1746 1 2082 0
1 2083 1 1393 0
1 2084 1 1104 0
1 2085 1 871 0
1 2086 1 1133 0
1 2087 1 160 0
1 40 1 2088 0
1 278 1 2089 0
1 2090 1 281 0
1 401 1 2091 0
1 2092 1 1672 0
1 235 1 2093 0
1 1442 1 2094 0
1 2048 1 2095 0
1 2096 1 1340 0
1 1996 1 2097 0
1 2098 1 2132 0
1 2099 1 1063 0
1 395 1 2100 0
1 2101 1 1600 0
1 2102 1 1211 0
1 2103 1 705 0
1 1308 1 2104 0
1 2105 1 905 0
1 1131 1 2106 0
1 1064 1 2107 0
1 1057 1 2108 0
1 2109 1 1638 0
1 315 1 2110 0
1 1194 1 2111 0
1 2112 1 150 0
1 2113 1 6 0
1 346 1 2114 0
1 2115 1 636 0
1 2091 1 2116 0
1 681 1 2117 0
1 1615 1 2118 0
1 671 1 2119 0
1 1243 1 2120 0
1 2121 1 257 0
1 2122 1 1545 0
1 2123 1 2155 0
1 277 1 2124 0
1 2125 1 1401 0
1 1796 1 2126 0
1 65 1 2127 0
1 1687 1 2128 0
1 1724 1 2129 0
1 2130 1 677 0
1 275 1 2131 0
1 2132 1 368 0
1 2133 1 1496 0
1 484 1 2134 0
1 2135 1 1410 0
1 2136 1 37 0
1 610 1 2137 0
1 38 1 2138 0
1 2139 1 531 0
1 2140 1 1251 0
1 83 1 2141 0
1 1288 1 2142 0
1 2143 1 207 0
1 1466 1 2144 0
1 2145 1 1358 0
1 646 1 2146 0
1 1674 1 2147 0
1 2148 1 2129 0
1 2149 1 773 0
1 918 1 2150 0
1 2151 1 161 0
1 161 1 2152 0
1 959 1 2153 0
1 1484 1 2154 0
1 2155 1 687 0
1 1737 1 2156 0
1 2157 1 223 0
1 2158 1 363 0
1 2159 1 627 0
1 2160 1 1324 0
1 2161 1 2013 0
1 2162 1 1977 0
1 2073 1 2163 0
1 2164 1 1492 0
1 2165 1 1983 0
1 2166 1 135 0
1 2167 1 1745 0
1 791 1 2168 0
1 2169 1 157 0
1 2170 1 741 0
1 2171 1 617 0
1 2172 1 216 0
1 1652 1 2173 0
1 874 1 2174 0
1 2175 1 1645 0
1 2176 1 1606 0
1 2177 1 1906 0
1 1522 1 2178 0
1 2179 1 2067 0
1 1724 1 2180 0
1 1258 1 2181 0
1 11 1 2182 0
1 409 1 2183 0
1 2184 1 1348 0
1 672 1 2185 0
1 179 1 2186 0
1 2187 1 1796 0
1 2014 1 2188 0
1 2157 1 2189 0
1 2190 1 1032 0
1 2191 1 339 0
1 45 1 2192 0
1 554 1 2193 0
1 966 1 2194 0
1 459 1 2195 0
1 1899 1 2196 0
1 2197 1 881 0
1 2198 1 202 0
1 2199 1 800 0
1 545 1 2200 0
1 2201 1 1028 0
1 711 1 2202 0
1 2203 1 1989 0
1 1632 1 2204 0
1 2205 1 1144 0
1 2157 1 2206 0
1 2207 1 1316 0
1 2208 1 2073 0
1 2209 1 2007 0
1 304 1 2210 0
1 388 1 2211 0
1 1104 1 2212 0
1 173 1 2213 0
1 2214 1 1426 0
1 370 1 2215 0
1 2163 1 2216 0
1 2217 1 1175 0
1 2218 1 1730 0
1 2219 1 190 0
1 1907 1 2220 0
1 2221 1 259 0
1 2222 1 1473 0
1 78 1 2223 0
1 643 1 2224 0
1 2225 1 1511 0
1 2226 1 2156 0
1 1341 1 2227 0
1 2143 1 2228 0
1 1650 1 2229 0
1 1336 1 2230 0
1 2231 1 186 0
1 720 1 2232 0
1 92 1 2233 0
1 2234 1 1652 0
1 1709 1 2235 0
1 2236 1 324 0
1 326 1 2237 0
1 456 1 2238 0
1 2034 1 2239 0
1 2240 1 1301 0
1 2241 1 1699 0
1 2242 1 825 0
1 805 1 2243 0
1 316 1 2244 0
1 2245 1 1312 0
1 2246 1 1960 0
1 2247 1 406 0
1 814 1 2248 0
1 2249 1 2158 0
1 2250 1 1935 0
