650 650
1 389 1 1 0
1 2 1 468 0
1 252 1 3 0
1 332 1 4 0
1 558 1 5 0
1 6 1 239 0
1 7 1 139 0
1 8 1 320 0
1 286 1 9 0
1 117 1 10 0
1 11 1 3 0
1 12 1 182 0
1 13 1 479 0
1 11 1 14 0
1 15 1 621 0
1 97 1 16 0
1 17 1 394 0
1 18 1 377 0
1 19 1 188 0
1 20 1 104 0
1 21 1 446 0
1 128 1 22 0
1 23 1 29 0
1 24 1 463 0
1 119 1 25 0
1 400 1 26 0
1 563 1 27 0
1 525 1 28 0
1 29 1 78 0
1 30 1 184 0
1 78 1 31 0
1 326 1 32 0
1 139 1 33 0
1 513 1 34 0
1 35 1 394 0
1 36 1 393 0
1 512 1 37 0
1 38 1 426 0
1 124 1 39 0
1 125 1 40 0
1 247 1 41 0
1 542 1 42 0
1 228 1 43 0
1 44 1 26 0
1 45 1 389 0
1 46 1 365 0
1 617 1 47 0
1 48 1 400 0
1 94 1 49 0
1 575 1 50 0
1 51 1 385 0
1 454 1 52 0
1 534 1 53 0
1 385 1 54 0
1 130 1 55 0
1 213 1 56 0
1 84 1 57 0
1 332 1 58 0
1 545 1 59 0
1 60 1 615 0
1 280 1 61 0
1 61 1 62 0
1 464 1 63 0
1 224 1 64 0
1 65 1 374 0
1 498 1 66 0
1 67 1 505 0
1 68 1 8 0
1 459 1 69 0
1 70 1 453 0
1 71 1 12 0
1 248 1 72 0
1 73 1 439 0
1 74 1 193 0
1 182 1 75 0
1 76 1 96 0
1 77 1 171 0
1 78 1 216 0
1 79 1 430 0
1 80 1 256 0
1 81 1 309 0
1 82 1 558 0
1 566 1 83 0
1 84 1 17 0
1 333 1 85 0
1 86 1 193 0
1 320 1 87 0
1 154 1 88 0
1 379 1 89 0
1 550 1 90 0
1 93 1 91 0
1 92 1 264 0
1 93 1 107 0
1 94 1 579 0
1 19 1 95 0
1 627 1 96 0
1 97 1 442 0
1 98 1 246 0
1 99 1 50 0
1 100 1 330 0
1 176 1 101 0
1 190 1 102 0
1 103 1 638 0
1 104 1 122 0
1 105 1 487 0
1 462 1 106 0
1 76 1 107 0
1 620 1 108 0
1 393 1 109 0
1 110 1 605 0
1 111 1 64 0
1 510 1 112 0
1 113 1 338 0
1 537 1 114 0
1 127 1 115 0
1 116 1 235 0
1 117 1 223 0
1 295 1 118 0
1 119 1 587 0
1 120 1 347 0
1 125 1 121 0
1 122 1 502 0
1 284 1 123 0
1 469 1 124 0
1 125 1 499 0
1 649 1 126 0
1 127 1 52 0
1 128 1 98 0
1 129 1 520 0
1 464 1 130 0
1 131 1 523 0
1 132 1 422 0
1 591 1 133 0
1 134 1 191 0
1 280 1 135 0
1 136 1 189 0
1 137 1 644 0
1 138 1 649 0
1 184 1 139 0
1 140 1 193 0
1 5 1 141 0
1 142 1 257 0
1 202 1 143 0
1 144 1 135 0
1 589 1 145 0
1 146 1 52 0
1 345 1 147 0
1 148 1 144 0
1 275 1 149 0
1 150 1 101 0
1 151 1 479 0
1 221 1 152 0
1 153 1 380 0
1 154 1 360 0
1 312 1 155 0
1 148 1 156 0
1 157 1 480 0
1 158 1 238 0
1 159 1 98 0
1 160 1 244 0
1 132 1 161 0
1 162 1 294 0
1 205 1 163 0
1 591 1 164 0
1 165 1 552 0
1 185 1 166 0
1 617 1 167 0
1 168 1 313 0
1 526 1 169 0
1 170 1 520 0
1 39 1 171 0
1 172 1 465 0
1 81 1 173 0
1 304 1 174 0
1 175 1 459 0
1 147 1 176 0
1 134 1 177 0
1 64 1 178 0
1 261 1 179 0
1 180 1 421 0
1 8 1 181 0
1 547 1 182 0
1 381 1 183 0
1 184 1 277 0
1 429 1 185 0
1 186 1 510 0
1 192 1 187 0
1 188 1 401 0
1 17 1 189 0
1 194 1 190 0
1 110 1 191 0
1 109 1 192 0
1 75 1 193 0
1 194 1 234 0
1 311 1 195 0
1 196 1 392 0
1 197 1 249 0
1 107 1 198 0
1 365 1 199 0
1 354 1 200 0
1 201 1 525 0
1 202 1 352 0
1 506 1 203 0
1 491 1 204 0
1 67 1 205 0
1 278 1 206 0
1 207 1 241 0
1 208 1 17 0
1 600 1 209 0
1 175 1 210 0
1 211 1 528 0
1 212 1 173 0
1 213 1 276 0
1 214 1 312 0
1 215 1 396 0
1 216 1 560 0
1 573 1 217 0
1 467 1 218 0
1 560 1 219 0
1 220 1 201 0
1 97 1 221 0
1 222 1 187 0
1 223 1 56 0
1 224 1 303 0
1 225 1 631 0
1 226 1 362 0
1 215 1 227 0
1 344 1 228 0
1 361 1 229 0
1 230 1 148 0
1 307 1 231 0
1 384 1 232 0
1 329 1 233 0
1 234 1 96 0
1 235 1 159 0
1 236 1 597 0
1 237 1 410 0
1 389 1 238 0
1 427 1 239 0
1 240 1 426 0
1 518 1 241 0
1 242 1 141 0
1 243 1 529 0
1 244 1 356 0
1 196 1 245 0
1 290 1 246 0
1 104 1 247 0
1 248 1 240 0
1 249 1 120 0
1 616 1 250 0
1 251 1 71 0
1 252 1 10 0
1 253 1 543 0
1 254 1 186 0
1 255 1 291 0
1 272 1 256 0
1 257 1 501 0
1 131 1 258 0
1 259 1 213 0
1 260 1 349 0
1 428 1 261 0
1 22 1 262 0
1 618 1 263 0
1 264 1 613 0
1 265 1 170 0
1 431 1 266 0
1 267 1 348 0
1 268 1 447 0
1 449 1 269 0
1 24 1 270 0
1 372 1 271 0
1 121 1 272 0
1 167 1 273 0
1 274 1 336 0
1 275 1 406 0
1 424 1 276 0
1 402 1 277 0
1 278 1 548 0
1 279 1 369 0
1 315 1 280 0
1 223 1 281 0
1 282 1 463 0
1 390 1 283 0
1 284 1 97 0
1 76 1 285 0
1 134 1 286 0
1 287 1 133 0
1 288 1 307 0
1 289 1 376 0
1 290 1 594 0
1 291 1 112 0
1 292 1 399 0
1 293 1 408 0
1 584 1 294 0
1 295 1 557 0
1 87 1 296 0
1 74 1 297 0
1 561 1 298 0
1 245 1 299 0
1 300 1 213 0
1 451 1 301 0
1 302 1 34 0
1 303 1 544 0
1 489 1 304 0
1 305 1 108 0
1 306 1 289 0
1 307 1 248 0
1 596 1 308 0
1 309 1 283 0
1 409 1 310 0
1 340 1 311 0
1 647 1 312 0
1 313 1 639 0
1 586 1 314 0
1 58 1 315 0
1 316 1 553 0
1 317 1 418 0
1 318 1 437 0
1 319 1 79 0
1 320 1 622 0
1 380 1 321 0
1 322 1 422 0
1 323 1 111 0
1 324 1 393 0
1 298 1 325 0
1 326 1 27 0
1 600 1 327 0
1 117 1 328 0
1 329 1 485 0
1 97 1 330 0
1 115 1 331 0
1 332 1 180 0
1 335 1 333 0
1 334 1 222 0
1 73 1 335 0
1 336 1 169 0
1 205 1 337 0
1 338 1 163 0
1 25 1 339 0
1 340 1 179 0
1 341 1 431 0
1 300 1 342 0
1 343 1 58 0
1 479 1 344 0
1 345 1 588 0
1 631 1 346 0
1 347 1 134 0
1 348 1 209 0
1 349 1 234 0
1 501 1 350 0
1 290 1 351 0
1 352 1 471 0
1 304 1 353 0
1 354 1 259 0
1 355 1 228 0
1 402 1 356 0
1 257 1 357 0
1 278 1 358 0
1 218 1 359 0
1 263 1 360 0
1 343 1 361 0
1 418 1 362 0
1 363 1 1 0
1 214 1 364 0
1 94 1 365 0
1 146 1 366 0
1 495 1 367 0
1 607 1 368 0
1 306 1 369 0
1 370 1 546 0
1 319 1 371 0
1 376 1 372 0
1 373 1 351 0
1 397 1 374 0
1 375 1 80 0
1 234 1 376 0
1 377 1 135 0
1 387 1 378 0
1 521 1 379 0
1 380 1 167 0
1 381 1 197 0
1 382 1 27 0
1 383 1 4 0
1 384 1 299 0
1 385 1 273 0
1 386 1 189 0
1 387 1 520 0
1 388 1 182 0
1 530 1 389 0
1 390 1 212 0
1 222 1 391 0
1 298 1 392 0
1 393 1 508 0
1 239 1 394 0
1 395 1 20 0
1 94 1 396 0
1 397 1 117 0
1 411 1 398 0
1 399 1 97 0
1 400 1 340 0
1 401 1 352 0
1 431 1 402 0
1 403 1 547 0
1 24 1 404 0
1 479 1 405 0
1 301 1 406 0
1 407 1 114 0
1 408 1 324 0
1 409 1 202 0
1 215 1 410 0
1 586 1 411 0
1 412 1 407 0
1 250 1 413 0
1 305 1 414 0
1 23 1 415 0
1 416 1 603 0
1 509 1 417 0
1 418 1 89 0
1 419 1 250 0
1 168 1 420 0
1 421 1 85 0
1 422 1 148 0
1 423 1 521 0
1 117 1 424 0
1 425 1 127 0
1 426 1 570 0
1 136 1 427 0
1 428 1 213 0
1 645 1 429 0
1 430 1 128 0
1 431 1 400 0
1 14 1 432 0
1 433 1 27 0
1 198 1 434 0
1 435 1 485 0
1 190 1 436 0
1 128 1 437 0
1 438 1 10 0
1 439 1 224 0
1 440 1 551 0
1 441 1 604 0
1 442 1 81 0
1 625 1 443 0
1 529 1 444 0
1 437 1 445 0
1 151 1 446 0
1 80 1 447 0
1 448 1 66 0
1 556 1 449 0
1 386 1 450 0
1 133 1 451 0
1 452 1 79 0
1 171 1 453 0
1 57 1 454 0
1 455 1 141 0
1 456 1 588 0
1 457 1 591 0
1 458 1 383 0
1 459 1 50 0
1 460 1 469 0
1 461 1 618 0
1 608 1 462 0
1 155 1 463 0
1 531 1 464 0
1 478 1 465 0
1 466 1 460 0
1 149 1 467 0
1 585 1 468 0
1 469 1 474 0
1 470 1 307 0
1 471 1 63 0
1 481 1 472 0
1 512 1 473 0
1 474 1 554 0
1 475 1 541 0
1 473 1 476 0
1 477 1 449 0
1 542 1 478 0
1 479 1 396 0
1 601 1 480 0
1 481 1 25 0
1 482 1 441 0
1 188 1 483 0
1 56 1 484 0
1 485 1 172 0
1 486 1 610 0
1 487 1 162 0
1 231 1 488 0
1 489 1 157 0
1 490 1 150 0
1 295 1 491 0
1 335 1 492 0
1 493 1 102 0
1 5 1 494 0
1 325 1 495 0
1 207 1 496 0
1 497 1 24 0
1 498 1 8 0
1 499 1 156 0
1 500 1 74 0
1 629 1 501 0
1 502 1 109 0
1 482 1 503 0
1 504 1 597 0
1 505 1 151 0
1 506 1 649 0
1 507 1 565 0
1 508 1 550 0
1 53 1 509 0
1 510 1 529 0
1 415 1 511 0
1 512 1 61 0
1 112 1 513 0
1 514 1 13 0
1 515 1 589 0
1 292 1 516 0
1 244 1 517 0
1 518 1 650 0
1 519 1 231 0
1 520 1 621 0
1 534 1 521 0
1 522 1 183 0
1 547 1 523 0
1 524 1 578 0
1 525 1 130 0
1 74 1 526 0
1 62 1 527 0
1 528 1 48 0
1 319 1 529 0
1 530 1 441 0
1 126 1 531 0
1 63 1 532 0
1 574 1 533 0
1 592 1 534 0
1 535 1 484 0
1 237 1 536 0
1 537 1 186 0
1 463 1 538 0
1 539 1 332 0
1 188 1 540 0
1 541 1 465 0
1 285 1 542 0
1 543 1 237 0
1 544 1 455 0
1 545 1 155 0
1 346 1 546 0
1 547 1 267 0
1 203 1 548 0
1 530 1 549 0
1 136 1 550 0
1 153 1 551 0
1 552 1 431 0
1 511 1 553 0
1 554 1 568 0
1 367 1 555 0
1 563 1 556 0
1 245 1 557 0
1 544 1 558 0
1 281 1 559 0
1 627 1 560 0
1 303 1 561 0
1 547 1 562 0
1 196 1 563 0
1 564 1 464 0
1 565 1 25 0
1 75 1 566 0
1 567 1 80 0
1 435 1 568 0
1 244 1 569 0
1 410 1 570 0
1 571 1 182 0
1 572 1 463 0
1 573 1 182 0
1 287 1 574 0
1 575 1 368 0
1 576 1 545 0
1 577 1 278 0
1 578 1 123 0
1 254 1 579 0
1 517 1 580 0
1 581 1 68 0
1 582 1 108 0
1 583 1 233 0
1 584 1 510 0
1 55 1 585 0
1 644 1 586 0
1 115 1 587 0
1 588 1 275 0
1 175 1 589 0
1 210 1 590 0
1 76 1 591 0
1 592 1 243 0
1 593 1 314 0
1 594 1 439 0
1 439 1 595 0
1 545 1 596 0
1 597 1 159 0
1 254 1 598 0
1 208 1 599 0
1 600 1 550 0
1 535 1 601 0
1 602 1 623 0
1 603 1 43 0
1 604 1 363 0
1 605 1 4 0
1 606 1 112 0
1 607 1 443 0
1 114 1 608 0
1 609 1 468 0
1 102 1 610 0
1 135 1 611 0
1 209 1 612 0
1 613 1 454 0
1 515 1 614 0
1 473 1 615 0
1 141 1 616 0
1 617 1 466 0
1 436 1 618 0
1 437 1 619 0
1 620 1 423 0
1 311 1 621 0
1 150 1 622 0
1 152 1 623 0
1 624 1 373 0
1 625 1 175 0
1 242 1 626 0
1 292 1 627 0
1 521 1 628 0
1 86 1 629 0
1 414 1 630 0
1 402 1 631 0
1 632 1 613 0
1 74 1 633 0
1 634 1 358 0
1 503 1 635 0
1 418 1 636 0
1 637 1 225 0
1 260 1 638 0
1 639 1 178 0
1 640 1 352 0
1 641 1 562 0
1 642 1 438 0
1 205 1 643 0
1 197 1 644 0
1 645 1 552 0
1 464 1 646 0
1 155 1 647 0
1 575 1 648 0
1 160 1 649 0
1 576 1 650 0
