1500 1500
1 1 1 215 0
1 2 1 636 0
1 3 1 338 0
1 4 1 886 0
1 713 1 5 0
1 6 1 210 0
1 7 1 500 0
1 882 1 8 0
1 9 1 1454 0
1 10 1 172 0
1 11 1 1084 0
1 12 1 1359 0
1 191 1 13 0
1 14 1 632 0
1 1192 1 15 0
1 16 1 1129 0
1 1 1 17 0
1 115 1 18 0
1 19 1 1026 0
1 20 1 844 0
1 21 1 80 0
1 598 1 22 0
1 23 1 113 0
1 893 1 24 0
1 532 1 25 0
1 659 1 26 0
1 1428 1 27 0
1 1306 1 28 0
1 29 1 1185 0
1 30 1 664 0
1 31 1 1397 0
1 32 1 90 0
1 33 1 1187 0
1 1171 1 34 0
1 35 1 1124 0
1 36 1 1019 0
1 37 1 1255 0
1 38 1 1147 0
1 39 1 330 0
1 40 1 1113 0
1 811 1 41 0
1 817 1 42 0
1 43 1 1406 0
1 44 1 978 0
1 103 1 45 0
1 702 1 46 0
1 47 1 1030 0
1 421 1 48 0
1 808 1 49 0
1 1246 1 50 0
1 51 1 1290 0
1 52 1 187 0
1 53 1 1138 0
1 1102 1 54 0
1 55 1 867 0
1 56 1 305 0
1 939 1 57 0
1 1036 1 58 0
1 59 1 1304 0
1 1494 1 60 0
1 61 1 816 0
1 62 1 459 0
1 63 1 84 0
1 315 1 64 0
1 478 1 65 0
1 66 1 1399 0
1 1115 1 67 0
1 68 1 1266 0
1 1429 1 69 0
1 886 1 70 0
1 71 1 290 0
1 72 1 1140 0
1 73 1 1140 0
1 317 1 74 0
1 75 1 224 0
1 1292 1 76 0
1 77 1 919 0
1 78 1 424 0
1 79 1 220 0
1 80 1 980 0
1 81 1 1266 0
1 82 1 596 0
1 83 1 1167 0
1 84 1 855 0
1 85 1 57 0
1 438 1 86 0
1 87 1 1087 0
1 88 1 518 0
1 817 1 89 0
1 113 1 90 0
1 91 1 291 0
1 92 1 568 0
1 93 1 138 0
1 822 1 94 0
1 276 1 95 0
1 259 1 96 0
1 97 1 1395 0
1 98 1 850 0
1 1261 1 99 0
1 100 1 66 0
1 101 1 817 0
1 102 1 833 0
1 103 1 728 0
1 104 1 1096 0
1 105 1 534 0
1 1129 1 106 0
1 107 1 185 0
1 1247 1 108 0
1 392 1 109 0
1 1195 1 110 0
1 111 1 974 0
1 112 1 1309 0
1 1153 1 113 0
1 713 1 114 0
1 115 1 1293 0
1 190 1 116 0
1 826 1 117 0
1 118 1 1420 0
1 701 1 119 0
1 47 1 120 0
1 148 1 121 0
1 197 1 122 0
1 912 1 123 0
1 124 1 1028 0
1 125 1 1258 0
1 1496 1 126 0
1 83 1 127 0
1 744 1 128 0
1 1493 1 129 0
1 1076 1 130 0
1 1077 1 131 0
1 132 1 909 0
1 482 1 133 0
1 134 1 943 0
1 286 1 135 0
1 136 1 1087 0
1 137 1 832 0
1 1326 1 138 0
1 694 1 139 0
1 140 1 741 0
1 141 1 941 0
1 1220 1 142 0
1 371 1 143 0
1 144 1 508 0
1 145 1 38 0
1 788 1 146 0
1 147 1 229 0
1 1449 1 148 0
1 149 1 240 0
1 150 1 495 0
1 379 1 151 0
1 1422 1 152 0
1 1153 1 153 0
1 154 1 224 0
1 768 1 155 0
1 1237 1 156 0
1 1455 1 157 0
1 1032 1 158 0
1 159 1 135 0
1 160 1 293 0
1 161 1 698 0
1 162 1 1321 0
1 166 1 163 0
1 474 1 164 0
1 165 1 81 0
1 166 1 1412 0
1 167 1 1268 0
1 18 1 168 0
1 169 1 999 0
1 543 1 170 0
1 335 1 171 0
1 172 1 960 0
1 941 1 173 0
1 654 1 174 0
1 175 1 1445 0
1 14 1 176 0
1 1301 1 177 0
1 475 1 178 0
1 1189 1 179 0
1 180 1 1173 0
1 181 1 311 0
1 1326 1 182 0
1 183 1 125 0
1 184 1 707 0
1 1177 1 185 0
1 414 1 186 0
1 187 1 495 0
1 188 1 646 0
1 189 1 972 0
1 783 1 190 0
1 920 1 191 0
1 192 1 644 0
1 681 1 193 0
1 194 1 516 0
1 195 1 706 0
1 645 1 196 0
1 595 1 197 0
1 162 1 198 0
1 356 1 199 0
1 1000 1 200 0
1 201 1 353 0
1 202 1 364 0
1 501 1 203 0
1 204 1 1048 0
1 205 1 1318 0
1 1376 1 206 0
1 947 1 207 0
1 208 1 1035 0
1 209 1 389 0
1 1255 1 210 0
1 273 1 211 0
1 127 1 212 0
1 213 1 1188 0
1 214 1 558 0
1 215 1 705 0
1 216 1 86 0
1 217 1 83 0
1 596 1 218 0
1 152 1 219 0
1 1199 1 220 0
1 154 1 221 0
1 222 1 455 0
1 1370 1 223 0
1 224 1 655 0
1 225 1 888 0
1 226 1 442 0
1 1278 1 227 0
1 246 1 228 0
1 730 1 229 0
1 269 1 230 0
1 231 1 917 0
1 232 1 585 0
1 233 1 281 0
1 75 1 234 0
1 235 1 660 0
1 1334 1 236 0
1 237 1 122 0
1 238 1 967 0
1 239 1 746 0
1 721 1 240 0
1 241 1 941 0
1 631 1 242 0
1 641 1 243 0
1 244 1 925 0
1 245 1 206 0
1 184 1 246 0
1 730 1 247 0
1 1151 1 248 0
1 249 1 34 0
1 250 1 1312 0
1 1083 1 251 0
1 1157 1 252 0
1 1180 1 253 0
1 1200 1 254 0
1 255 1 695 0
1 256 1 282 0
1 257 1 226 0
1 258 1 31 0
1 1176 1 259 0
1 50 1 260 0
1 261 1 677 0
1 390 1 262 0
1 371 1 263 0
1 644 1 264 0
1 265 1 1257 0
1 266 1 358 0
1 834 1 267 0
1 268 1 232 0
1 269 1 662 0
1 1439 1 270 0
1 377 1 271 0
1 272 1 1386 0
1 215 1 273 0
1 26 1 274 0
1 629 1 275 0
1 276 1 87 0
1 277 1 1479 0
1 433 1 278 0
1 279 1 263 0
1 1215 1 280 0
1 1286 1 281 0
1 282 1 799 0
1 283 1 435 0
1 330 1 284 0
1 285 1 135 0
1 286 1 153 0
1 287 1 33 0
1 288 1 1094 0
1 289 1 701 0
1 794 1 290 0
1 291 1 251 0
1 1337 1 292 0
1 597 1 293 0
1 49 1 294 0
1 1346 1 295 0
1 296 1 977 0
1 297 1 641 0
1 501 1 298 0
1 189 1 299 0
1 1466 1 300 0
1 131 1 301 0
1 607 1 302 0
1 365 1 303 0
1 995 1 304 0
1 305 1 1171 0
1 306 1 761 0
1 307 1 1116 0
1 308 1 1223 0
1 273 1 309 0
1 178 1 310 0
1 336 1 311 0
1 312 1 914 0
1 1039 1 313 0
1 498 1 314 0
1 315 1 1228 0
1 191 1 316 0
1 1052 1 317 0
1 318 1 362 0
1 319 1 849 0
1 320 1 830 0
1 347 1 321 0
1 322 1 82 0
1 323 1 42 0
1 921 1 324 0
1 611 1 325 0
1 326 1 20 0
1 1032 1 327 0
1 328 1 850 0
1 329 1 1160 0
1 330 1 51 0
1 704 1 331 0
1 332 1 613 0
1 1071 1 333 0
1 334 1 788 0
1 876 1 335 0
1 336 1 257 0
1 1184 1 337 0
1 338 1 840 0
1 339 1 330 0
1 647 1 340 0
1 341 1 275 0
1 342 1 1357 0
1 343 1 1070 0
1 344 1 452 0
1 510 1 345 0
1 346 1 1231 0
1 111 1 347 0
1 348 1 45 0
1 899 1 349 0
1 200 1 350 0
1 1113 1 351 0
1 928 1 352 0
1 353 1 40 0
1 354 1 951 0
1 355 1 1260 0
1 582 1 356 0
1 148 1 357 0
1 185 1 358 0
1 359 1 1322 0
1 360 1 179 0
1 361 1 350 0
1 329 1 362 0
1 390 1 363 0
1 186 1 364 0
1 365 1 961 0
1 366 1 780 0
1 367 1 826 0
1 523 1 368 0
1 359 1 369 0
1 1331 1 370 0
1 371 1 860 0
1 372 1 1415 0
1 373 1 459 0
1 1498 1 374 0
1 375 1 1326 0
1 376 1 647 0
1 377 1 300 0
1 378 1 157 0
1 379 1 1197 0
1 380 1 195 0
1 381 1 1399 0
1 750 1 382 0
1 383 1 549 0
1 384 1 1367 0
1 1170 1 385 0
1 758 1 386 0
1 387 1 177 0
1 388 1 1031 0
1 389 1 220 0
1 848 1 390 0
1 391 1 475 0
1 392 1 1324 0
1 659 1 393 0
1 394 1 1485 0
1 395 1 874 0
1 586 1 396 0
1 397 1 585 0
1 398 1 145 0
1 649 1 399 0
1 419 1 400 0
1 401 1 1450 0
1 402 1 723 0
1 1197 1 403 0
1 1484 1 404 0
1 405 1 1352 0
1 406 1 489 0
1 407 1 1189 0
1 408 1 1036 0
1 409 1 1332 0
1 410 1 935 0
1 570 1 411 0
1 1150 1 412 0
1 559 1 413 0
1 414 1 880 0
1 670 1 415 0
1 1364 1 416 0
1 622 1 417 0
1 686 1 418 0
1 419 1 841 0
1 557 1 420 0
1 421 1 1089 0
1 266 1 422 0
1 697 1 423 0
1 424 1 472 0
1 560 1 425 0
1 672 1 426 0
1 427 1 1103 0
1 1338 1 428 0
1 429 1 656 0
1 1061 1 430 0
1 431 1 670 0
1 432 1 231 0
1 1003 1 433 0
1 434 1 514 0
1 435 1 162 0
1 436 1 94 0
1 437 1 1153 0
1 438 1 1319 0
1 439 1 696 0
1 440 1 979 0
1 877 1 441 0
1 442 1 354 0
1 852 1 443 0
1 444 1 656 0
1 445 1 187 0
1 446 1 788 0
1 447 1 871 0
1 1375 1 448 0
1 692 1 449 0
1 30 1 450 0
1 451 1 947 0
1 452 1 564 0
1 453 1 693 0
1 454 1 683 0
1 455 1 1231 0
1 124 1 456 0
1 457 1 426 0
1 458 1 787 0
1 559 1 459 0
1 81 1 460 0
1 1437 1 461 0
1 1368 1 462 0
1 463 1 1080 0
1 464 1 1216 0
1 465 1 468 0
1 466 1 480 0
1 467 1 30 0
1 1249 1 468 0
1 469 1 1023 0
1 470 1 30 0
1 471 1 1294 0
1 472 1 301 0
1 473 1 443 0
1 474 1 272 0
1 1362 1 475 0
1 476 1 53 0
1 1319 1 477 0
1 478 1 327 0
1 1348 1 479 0
1 221 1 480 0
1 481 1 1398 0
1 482 1 362 0
1 483 1 1427 0
1 484 1 1151 0
1 485 1 1339 0
1 486 1 845 0
1 567 1 487 0
1 908 1 488 0
1 1263 1 489 0
1 1276 1 490 0
1 491 1 339 0
1 492 1 367 0
1 241 1 493 0
1 494 1 294 0
1 495 1 19 0
1 496 1 406 0
1 893 1 497 0
1 618 1 498 0
1 499 1 726 0
1 1071 1 500 0
1 501 1 559 0
1 502 1 315 0
1 285 1 503 0
1 504 1 1202 0
1 505 1 492 0
1 506 1 1448 0
1 507 1 785 0
1 508 1 1365 0
1 940 1 509 0
1 143 1 510 0
1 511 1 1364 0
1 512 1 1096 0
1 189 1 513 0
1 765 1 514 0
1 835 1 515 0
1 516 1 722 0
1 517 1 477 0
1 518 1 521 0
1 1074 1 519 0
1 520 1 895 0
1 171 1 521 0
1 1401 1 522 0
1 708 1 523 0
1 1040 1 524 0
1 525 1 797 0
1 662 1 526 0
1 1396 1 527 0
1 528 1 1175 0
1 392 1 529 0
1 530 1 28 0
1 531 1 128 0
1 601 1 532 0
1 533 1 1380 0
1 534 1 1199 0
1 1081 1 535 0
1 536 1 1445 0
1 1112 1 537 0
1 603 1 538 0
1 539 1 977 0
1 540 1 384 0
1 541 1 895 0
1 542 1 358 0
1 1019 1 543 0
1 586 1 544 0
1 939 1 545 0
1 345 1 546 0
1 547 1 1388 0
1 325 1 548 0
1 549 1 1191 0
1 550 1 954 0
1 206 1 551 0
1 1079 1 552 0
1 880 1 553 0
1 554 1 1052 0
1 1382 1 555 0
1 556 1 882 0
1 598 1 557 0
1 558 1 1283 0
1 559 1 776 0
1 560 1 1369 0
1 561 1 1233 0
1 562 1 1500 0
1 563 1 1062 0
1 564 1 571 0
1 565 1 911 0
1 443 1 566 0
1 567 1 1198 0
1 1447 1 568 0
1 919 1 569 0
1 570 1 1051 0
1 607 1 571 0
1 940 1 572 0
1 573 1 571 0
1 574 1 1061 0
1 575 1 1012 0
1 576 1 260 0
1 577 1 1378 0
1 578 1 1162 0
1 1089 1 579 0
1 580 1 845 0
1 581 1 373 0
1 582 1 866 0
1 1301 1 583 0
1 584 1 457 0
1 1125 1 585 0
1 341 1 586 0
1 587 1 245 0
1 543 1 588 0
1 589 1 695 0
1 1352 1 590 0
1 689 1 591 0
1 144 1 592 0
1 598 1 593 0
1 511 1 594 0
1 919 1 595 0
1 249 1 596 0
1 597 1 291 0
1 598 1 804 0
1 1241 1 599 0
1 1081 1 600 0
1 477 1 601 0
1 548 1 602 0
1 603 1 702 0
1 40 1 604 0
1 669 1 605 0
1 384 1 606 0
1 607 1 677 0
1 608 1 835 0
1 609 1 1001 0
1 1411 1 610 0
1 1207 1 611 0
1 1372 1 612 0
1 613 1 1172 0
1 1193 1 614 0
1 1259 1 615 0
1 616 1 411 0
1 617 1 343 0
1 618 1 1275 0
1 619 1 1108 0
1 130 1 620 0
1 1085 1 621 0
1 459 1 622 0
1 1058 1 623 0
1 624 1 618 0
1 1033 1 625 0
1 626 1 532 0
1 627 1 880 0
1 628 1 164 0
1 1188 1 629 0
1 630 1 602 0
1 256 1 631 0
1 65 1 632 0
1 179 1 633 0
1 1255 1 634 0
1 635 1 696 0
1 636 1 1372 0
1 637 1 74 0
1 638 1 1226 0
1 639 1 804 0
1 640 1 103 0
1 641 1 1424 0
1 642 1 793 0
1 1375 1 643 0
1 644 1 87 0
1 467 1 645 0
1 646 1 226 0
1 816 1 647 0
1 648 1 1140 0
1 649 1 519 0
1 1043 1 650 0
1 651 1 1293 0
1 652 1 550 0
1 653 1 1452 0
1 232 1 654 0
1 1077 1 655 0
1 656 1 600 0
1 657 1 347 0
1 565 1 658 0
1 659 1 639 0
1 1347 1 660 0
1 329 1 661 0
1 662 1 506 0
1 672 1 663 0
1 664 1 369 0
1 665 1 1271 0
1 666 1 1292 0
1 667 1 1246 0
1 1059 1 668 0
1 669 1 1287 0
1 525 1 670 0
1 1452 1 671 0
1 1349 1 672 0
1 350 1 673 0
1 1400 1 674 0
1 903 1 675 0
1 676 1 990 0
1 1044 1 677 0
1 839 1 678 0
1 679 1 1426 0
1 557 1 680 0
1 681 1 702 0
1 682 1 1303 0
1 1290 1 683 0
1 684 1 1133 0
1 802 1 685 0
1 145 1 686 0
1 765 1 687 0
1 688 1 550 0
1 689 1 1186 0
1 690 1 1169 0
1 25 1 691 0
1 692 1 1351 0
1 693 1 599 0
1 1023 1 694 0
1 695 1 586 0
1 1277 1 696 0
1 697 1 1497 0
1 698 1 978 0
1 1442 1 699 0
1 700 1 1361 0
1 1493 1 701 0
1 681 1 702 0
1 703 1 1165 0
1 704 1 632 0
1 1415 1 705 0
1 706 1 1410 0
1 205 1 707 0
1 1000 1 708 0
1 709 1 673 0
1 238 1 710 0
1 828 1 711 0
1 691 1 712 0
1 713 1 484 0
1 714 1 46 0
1 74 1 715 0
1 752 1 716 0
1 39 1 717 0
1 419 1 718 0
1 1268 1 719 0
1 1348 1 720 0
1 721 1 354 0
1 722 1 1492 0
1 1021 1 723 0
1 645 1 724 0
1 725 1 9 0
1 726 1 190 0
1 216 1 727 0
1 728 1 1264 0
1 729 1 1172 0
1 730 1 1174 0
1 77 1 731 0
1 732 1 355 0
1 1196 1 733 0
1 734 1 912 0
1 317 1 735 0
1 736 1 751 0
1 36 1 737 0
1 339 1 738 0
1 739 1 379 0
1 740 1 711 0
1 741 1 680 0
1 1282 1 742 0
1 743 1 637 0
1 744 1 2 0
1 971 1 745 0
1 1169 1 746 0
1 1489 1 747 0
1 798 1 748 0
1 749 1 576 0
1 750 1 971 0
1 977 1 751 0
1 752 1 978 0
1 1436 1 753 0
1 754 1 1167 0
1 755 1 528 0
1 756 1 382 0
1 338 1 757 0
1 576 1 758 0
1 759 1 344 0
1 760 1 608 0
1 761 1 274 0
1 369 1 762 0
1 763 1 1196 0
1 764 1 535 0
1 765 1 385 0
1 766 1 1328 0
1 767 1 1489 0
1 199 1 768 0
1 226 1 769 0
1 770 1 766 0
1 498 1 771 0
1 772 1 498 0
1 608 1 773 0
1 774 1 1199 0
1 1287 1 775 0
1 1062 1 776 0
1 974 1 777 0
1 1370 1 778 0
1 779 1 716 0
1 780 1 1277 0
1 884 1 781 0
1 782 1 630 0
1 1109 1 783 0
1 1182 1 784 0
1 272 1 785 0
1 779 1 786 0
1 118 1 787 0
1 772 1 788 0
1 789 1 344 0
1 790 1 272 0
1 791 1 988 0
1 792 1 602 0
1 793 1 1421 0
1 794 1 1246 0
1 795 1 1344 0
1 796 1 1420 0
1 797 1 409 0
1 1393 1 798 0
1 457 1 799 0
1 418 1 800 0
1 651 1 801 0
1 1240 1 802 0
1 546 1 803 0
1 804 1 681 0
1 805 1 689 0
1 33 1 806 0
1 807 1 165 0
1 808 1 637 0
1 134 1 809 0
1 810 1 651 0
1 811 1 900 0
1 159 1 812 0
1 813 1 844 0
1 814 1 160 0
1 815 1 949 0
1 816 1 73 0
1 817 1 362 0
1 818 1 1083 0
1 1413 1 819 0
1 98 1 820 0
1 821 1 1069 0
1 803 1 822 0
1 823 1 103 0
1 824 1 732 0
1 346 1 825 0
1 1073 1 826 0
1 1228 1 827 0
1 828 1 702 0
1 199 1 829 0
1 830 1 649 0
1 1136 1 831 0
1 832 1 865 0
1 833 1 612 0
1 1385 1 834 0
1 295 1 835 0
1 965 1 836 0
1 837 1 1497 0
1 235 1 838 0
1 839 1 764 0
1 840 1 768 0
1 302 1 841 0
1 842 1 107 0
1 843 1 899 0
1 844 1 899 0
1 845 1 224 0
1 846 1 100 0
1 217 1 847 0
1 848 1 761 0
1 849 1 81 0
1 850 1 391 0
1 851 1 937 0
1 608 1 852 0
1 853 1 1379 0
1 271 1 854 0
1 752 1 855 0
1 856 1 1210 0
1 1189 1 857 0
1 858 1 519 0
1 859 1 768 0
1 1051 1 860 0
1 284 1 861 0
1 512 1 862 0
1 863 1 1145 0
1 864 1 471 0
1 865 1 1279 0
1 866 1 734 0
1 698 1 867 0
1 868 1 29 0
1 190 1 869 0
1 870 1 1251 0
1 295 1 871 0
1 955 1 872 0
1 337 1 873 0
1 874 1 885 0
1 875 1 865 0
1 876 1 1469 0
1 1 1 877 0
1 519 1 878 0
1 659 1 879 0
1 566 1 880 0
1 221 1 881 0
1 374 1 882 0
1 1286 1 883 0
1 884 1 1468 0
1 885 1 1286 0
1 886 1 132 0
1 1482 1 887 0
1 407 1 888 0
1 889 1 188 0
1 890 1 1270 0
1 287 1 891 0
1 892 1 267 0
1 1231 1 893 0
1 894 1 895 0
1 450 1 895 0
1 896 1 1066 0
1 897 1 1332 0
1 1364 1 898 0
1 899 1 1242 0
1 900 1 737 0
1 52 1 901 0
1 902 1 923 0
1 903 1 261 0
1 904 1 1199 0
1 905 1 365 0
1 1414 1 906 0
1 774 1 907 0
1 1396 1 908 0
1 909 1 1433 0
1 910 1 706 0
1 440 1 911 0
1 912 1 1047 0
1 913 1 1407 0
1 914 1 1213 0
1 1254 1 915 0
1 928 1 916 0
1 917 1 1266 0
1 918 1 1167 0
1 919 1 606 0
1 1377 1 920 0
1 921 1 849 0
1 996 1 922 0
1 1339 1 923 0
1 1306 1 924 0
1 819 1 925 0
1 926 1 1253 0
1 927 1 139 0
1 871 1 928 0
1 1154 1 929 0
1 1425 1 930 0
1 931 1 1187 0
1 588 1 932 0
1 130 1 933 0
1 1026 1 934 0
1 1382 1 935 0
1 831 1 936 0
1 433 1 937 0
1 938 1 60 0
1 939 1 216 0
1 1216 1 940 0
1 1155 1 941 0
1 459 1 942 0
1 334 1 943 0
1 944 1 1055 0
1 1146 1 945 0
1 946 1 455 0
1 401 1 947 0
1 567 1 948 0
1 993 1 949 0
1 950 1 1421 0
1 476 1 951 0
1 1422 1 952 0
1 953 1 606 0
1 1447 1 954 0
1 1286 1 955 0
1 956 1 432 0
1 957 1 76 0
1 1187 1 958 0
1 959 1 1177 0
1 1496 1 960 0
1 961 1 117 0
1 962 1 1220 0
1 963 1 1035 0
1 653 1 964 0
1 965 1 91 0
1 1008 1 966 0
1 325 1 967 0
1 487 1 968 0
1 391 1 969 0
1 970 1 1172 0
1 971 1 1235 0
1 275 1 972 0
1 782 1 973 0
1 974 1 1097 0
1 1154 1 975 0
1 212 1 976 0
1 1310 1 977 0
1 978 1 14 0
1 979 1 1010 0
1 242 1 980 0
1 981 1 510 0
1 982 1 874 0
1 1294 1 983 0
1 1384 1 984 0
1 985 1 821 0
1 289 1 986 0
1 987 1 486 0
1 988 1 410 0
1 250 1 989 0
1 990 1 691 0
1 1076 1 991 0
1 1078 1 992 0
1 993 1 127 0
1 994 1 811 0
1 995 1 1446 0
1 996 1 178 0
1 126 1 997 0
1 998 1 834 0
1 921 1 999 0
1 598 1 1000 0
1 1001 1 627 0
1 1002 1 1478 0
1 341 1 1003 0
1 1004 1 358 0
1 1005 1 673 0
1 854 1 1006 0
1 825 1 1007 0
1 1008 1 678 0
1 854 1 1009 0
1 1010 1 151 0
1 656 1 1011 0
1 1012 1 610 0
1 1013 1 950 0
1 232 1 1014 0
1 1015 1 36 0
1 1016 1 1209 0
1 165 1 1017 0
1 1018 1 943 0
1 909 1 1019 0
1 964 1 1020 0
1 1021 1 777 0
1 740 1 1022 0
1 714 1 1023 0
1 1165 1 1024 0
1 1025 1 364 0
1 1026 1 179 0
1 1295 1 1027 0
1 1028 1 213 0
1 1029 1 1214 0
1 870 1 1030 0
1 1121 1 1031 0
1 724 1 1032 0
1 1196 1 1033 0
1 1034 1 821 0
1 1035 1 217 0
1 1054 1 1036 0
1 1037 1 383 0
1 1038 1 64 0
1 59 1 1039 0
1 1040 1 1201 0
1 1041 1 618 0
1 1042 1 602 0
1 452 1 1043 0
1 727 1 1044 0
1 1045 1 261 0
1 937 1 1046 0
1 1047 1 768 0
1 713 1 1048 0
1 284 1 1049 0
1 1244 1 1050 0
1 1051 1 1374 0
1 68 1 1052 0
1 1053 1 386 0
1 1054 1 557 0
1 1055 1 1410 0
1 725 1 1056 0
1 685 1 1057 0
1 1374 1 1058 0
1 551 1 1059 0
1 220 1 1060 0
1 1061 1 354 0
1 1062 1 64 0
1 1063 1 289 0
1 1064 1 691 0
1 288 1 1065 0
1 1066 1 217 0
1 1153 1 1067 0
1 1068 1 18 0
1 1389 1 1069 0
1 1070 1 149 0
1 1071 1 1050 0
1 1072 1 1265 0
1 406 1 1073 0
1 1074 1 1201 0
1 1075 1 519 0
1 164 1 1076 0
1 1077 1 77 0
1 939 1 1078 0
1 1358 1 1079 0
1 914 1 1080 0
1 1063 1 1081 0
1 95 1 1082 0
1 1083 1 598 0
1 789 1 1084 0
1 1085 1 1166 0
1 1075 1 1086 0
1 596 1 1087 0
1 1223 1 1088 0
1 1436 1 1089 0
1 1090 1 1167 0
1 731 1 1091 0
1 348 1 1092 0
1 301 1 1093 0
1 1094 1 912 0
1 1409 1 1095 0
1 1358 1 1096 0
1 1097 1 863 0
1 578 1 1098 0
1 910 1 1099 0
1 56 1 1100 0
1 173 1 1101 0
1 1102 1 1113 0
1 1103 1 952 0
1 1104 1 659 0
1 1105 1 230 0
1 324 1 1106 0
1 1098 1 1107 0
1 764 1 1108 0
1 180 1 1109 0
1 1110 1 1287 0
1 1111 1 373 0
1 1112 1 1349 0
1 1113 1 877 0
1 1114 1 1122 0
1 369 1 1115 0
1 1116 1 712 0
1 1117 1 1047 0
1 1237 1 1118 0
1 170 1 1119 0
1 1120 1 1001 0
1 1161 1 1121 0
1 1122 1 689 0
1 16 1 1123 0
1 957 1 1124 0
1 1129 1 1125 0
1 1329 1 1126 0
1 1127 1 87 0
1 810 1 1128 0
1 1235 1 1129 0
1 1130 1 916 0
1 1001 1 1131 0
1 1111 1 1132 0
1 1133 1 206 0
1 1134 1 992 0
1 1499 1 1135 0
1 1136 1 443 0
1 1137 1 542 0
1 1138 1 631 0
1 513 1 1139 0
1 1140 1 723 0
1 1288 1 1141 0
1 647 1 1142 0
1 25 1 1143 0
1 1144 1 1117 0
1 587 1 1145 0
1 994 1 1146 0
1 398 1 1147 0
1 609 1 1148 0
1 548 1 1149 0
1 1150 1 25 0
1 1151 1 786 0
1 181 1 1152 0
1 856 1 1153 0
1 853 1 1154 0
1 1155 1 1190 0
1 1291 1 1156 0
1 1157 1 434 0
1 1329 1 1158 0
1 1159 1 359 0
1 1160 1 1155 0
1 138 1 1161 0
1 1162 1 153 0
1 1163 1 65 0
1 293 1 1164 0
1 1165 1 1100 0
1 771 1 1166 0
1 1167 1 209 0
1 330 1 1168 0
1 1198 1 1169 0
1 1170 1 49 0
1 1171 1 923 0
1 1172 1 999 0
1 1173 1 262 0
1 1433 1 1174 0
1 1492 1 1175 0
1 1176 1 1206 0
1 1177 1 700 0
1 1178 1 283 0
1 1349 1 1179 0
1 1180 1 97 0
1 1181 1 123 0
1 1182 1 691 0
1 1095 1 1183 0
1 1184 1 700 0
1 1185 1 1104 0
1 150 1 1186 0
1 1187 1 4 0
1 297 1 1188 0
1 1336 1 1189 0
1 174 1 1190 0
1 1191 1 847 0
1 1170 1 1192 0
1 698 1 1193 0
1 1100 1 1194 0
1 1047 1 1195 0
1 503 1 1196 0
1 41 1 1197 0
1 103 1 1198 0
1 1199 1 257 0
1 1395 1 1200 0
1 1113 1 1201 0
1 704 1 1202 0
1 1203 1 330 0
1 1204 1 1214 0
1 511 1 1205 0
1 1206 1 433 0
1 1207 1 641 0
1 1180 1 1208 0
1 1209 1 349 0
1 1210 1 178 0
1 1211 1 1134 0
1 1212 1 836 0
1 1213 1 1077 0
1 1214 1 343 0
1 1215 1 887 0
1 899 1 1216 0
1 847 1 1217 0
1 1218 1 719 0
1 1219 1 124 0
1 507 1 1220 0
1 375 1 1221 0
1 1222 1 106 0
1 1223 1 465 0
1 1493 1 1224 0
1 548 1 1225 0
1 1226 1 1070 0
1 385 1 1227 0
1 1228 1 378 0
1 691 1 1229 0
1 337 1 1230 0
1 1231 1 1446 0
1 1232 1 574 0
1 1114 1 1233 0
1 1234 1 1432 0
1 1357 1 1235 0
1 754 1 1236 0
1 1237 1 961 0
1 1264 1 1238 0
1 346 1 1239 0
1 466 1 1240 0
1 1241 1 1355 0
1 1242 1 419 0
1 1243 1 1178 0
1 1244 1 1459 0
1 1245 1 1271 0
1 659 1 1246 0
1 670 1 1247 0
1 1248 1 264 0
1 143 1 1249 0
1 1250 1 246 0
1 1251 1 1473 0
1 1252 1 1070 0
1 1134 1 1253 0
1 957 1 1254 0
1 1255 1 392 0
1 557 1 1256 0
1 42 1 1257 0
1 267 1 1258 0
1 1259 1 485 0
1 1315 1 1260 0
1 1261 1 409 0
1 567 1 1262 0
1 354 1 1263 0
1 946 1 1264 0
1 258 1 1265 0
1 1266 1 55 0
1 1267 1 1319 0
1 1268 1 14 0
1 1094 1 1269 0
1 1270 1 1288 0
1 1295 1 1271 0
1 1462 1 1272 0
1 432 1 1273 0
1 1128 1 1274 0
1 1315 1 1275 0
1 1276 1 981 0
1 1277 1 820 0
1 867 1 1278 0
1 95 1 1279 0
1 1347 1 1280 0
1 1281 1 1046 0
1 578 1 1282 0
1 1251 1 1283 0
1 1284 1 575 0
1 1254 1 1285 0
1 71 1 1286 0
1 523 1 1287 0
1 710 1 1288 0
1 1289 1 828 0
1 1221 1 1290 0
1 1291 1 1319 0
1 1292 1 558 0
1 341 1 1293 0
1 1294 1 724 0
1 707 1 1295 0
1 1296 1 202 0
1 1489 1 1297 0
1 257 1 1298 0
1 1299 1 123 0
1 1031 1 1300 0
1 223 1 1301 0
1 829 1 1302 0
1 1303 1 1390 0
1 1143 1 1304 0
1 1364 1 1305 0
1 1306 1 1458 0
1 573 1 1307 0
1 1308 1 48 0
1 86 1 1309 0
1 1310 1 685 0
1 1311 1 1476 0
1 651 1 1312 0
1 1313 1 768 0
1 1314 1 1066 0
1 1315 1 412 0
1 1316 1 1396 0
1 848 1 1317 0
1 1318 1 593 0
1 1319 1 925 0
1 1320 1 1251 0
1 1321 1 1050 0
1 1322 1 1393 0
1 1323 1 269 0
1 1324 1 1395 0
1 78 1 1325 0
1 1326 1 181 0
1 613 1 1327 0
1 114 1 1328 0
1 1329 1 806 0
1 1213 1 1330 0
1 715 1 1331 0
1 1101 1 1332 0
1 1333 1 209 0
1 485 1 1334 0
1 854 1 1335 0
1 988 1 1336 0
1 670 1 1337 0
1 1338 1 1469 0
1 1339 1 834 0
1 1340 1 941 0
1 1341 1 643 0
1 1342 1 1050 0
1 1343 1 1429 0
1 971 1 1344 0
1 1345 1 887 0
1 1346 1 894 0
1 678 1 1347 0
1 897 1 1348 0
1 1349 1 352 0
1 1350 1 872 0
1 1137 1 1351 0
1 1352 1 1299 0
1 1353 1 743 0
1 1215 1 1354 0
1 703 1 1355 0
1 1356 1 572 0
1 870 1 1357 0
1 1358 1 1189 0
1 154 1 1359 0
1 153 1 1360 0
1 1361 1 788 0
1 353 1 1362 0
1 859 1 1363 0
1 130 1 1364 0
1 1365 1 1359 0
1 491 1 1366 0
1 1423 1 1367 0
1 1368 1 1392 0
1 729 1 1369 0
1 1370 1 587 0
1 1178 1 1371 0
1 1372 1 1412 0
1 1373 1 329 0
1 1374 1 1416 0
1 504 1 1375 0
1 1376 1 745 0
1 1377 1 893 0
1 1378 1 5 0
1 1379 1 436 0
1 496 1 1380 0
1 1381 1 990 0
1 1382 1 886 0
1 1383 1 744 0
1 1197 1 1384 0
1 1385 1 175 0
1 1386 1 948 0
1 1387 1 1270 0
1 362 1 1388 0
1 1389 1 1084 0
1 500 1 1390 0
1 678 1 1391 0
1 1392 1 1282 0
1 1393 1 31 0
1 1394 1 1214 0
1 1395 1 1366 0
1 1396 1 342 0
1 691 1 1397 0
1 1398 1 1278 0
1 1488 1 1399 0
1 1438 1 1400 0
1 524 1 1401 0
1 1402 1 74 0
1 195 1 1403 0
1 421 1 1404 0
1 586 1 1405 0
1 983 1 1406 0
1 1407 1 710 0
1 1408 1 1448 0
1 1409 1 73 0
1 1410 1 1472 0
1 1411 1 871 0
1 1412 1 246 0
1 1411 1 1413 0
1 1414 1 971 0
1 1415 1 1287 0
1 1291 1 1416 0
1 243 1 1417 0
1 1500 1 1418 0
1 1419 1 97 0
1 1420 1 323 0
1 386 1 1421 0
1 1356 1 1422 0
1 1423 1 1421 0
1 1424 1 1270 0
1 638 1 1425 0
1 880 1 1426 0
1 1427 1 1186 0
1 1428 1 1215 0
1 1055 1 1429 0
1 1430 1 62 0
1 1179 1 1431 0
1 1432 1 288 0
1 148 1 1433 0
1 1434 1 718 0
1 1435 1 682 0
1 377 1 1436 0
1 1437 1 1236 0
1 1438 1 71 0
1 1439 1 916 0
1 1402 1 1440 0
1 1100 1 1441 0
1 1442 1 130 0
1 1124 1 1443 0
1 922 1 1444 0
1 913 1 1445 0
1 1446 1 1273 0
1 1064 1 1447 0
1 1357 1 1448 0
1 1449 1 1396 0
1 323 1 1450 0
1 1451 1 690 0
1 777 1 1452 0
1 825 1 1453 0
1 1454 1 726 0
1 980 1 1455 0
1 708 1 1456 0
1 1457 1 1404 0
1 50 1 1458 0
1 123 1 1459 0
1 1460 1 1206 0
1 1461 1 555 0
1 1462 1 571 0
1 145 1 1463 0
1 1464 1 1178 0
1 1465 1 425 0
1 992 1 1466 0
1 699 1 1467 0
1 327 1 1468 0
1 1469 1 687 0
1 1470 1 1460 0
1 627 1 1471 0
1 1472 1 35 0
1 166 1 1473 0
1 1474 1 549 0
1 403 1 1475 0
1 606 1 1476 0
1 325 1 1477 0
1 336 1 1478 0
1 1479 1 1496 0
1 1480 1 89 0
1 856 1 1481 0
1 1482 1 1449 0
1 1483 1 966 0
1 788 1 1484 0
1 1485 1 1259 0
1 1325 1 1486 0
1 1260 1 1487 0
1 898 1 1488 0
1 1489 1 802 0
1 1490 1 662 0
1 226 1 1491 0
1 440 1 1492 0
1 1397 1 1493 0
1 1494 1 846 0
1 1495 1 1470 0
1 1496 1 1345 0
1 1377 1 1497 0
1 552 1 1498 0
1 1499 1 466 0
1 1500 1 95 0
