100 100
1 1 1 64 0
1 2 1 52 0
1 3 1 9 0
1 61 1 4 0
1 58 1 5 0
1 97 1 6 0
1 52 1 7 0
1 8 1 86 0
1 9 1 21 0
1 3 1 10 0
1 11 1 73 0
1 12 1 9 0
1 46 1 13 0
1 44 1 14 0
1 89 1 15 0
1 11 1 16 0
1 17 1 29 0
1 18 1 47 0
1 19 1 18 0
1 43 1 20 0
1 29 1 21 0
1 69 1 22 0
1 96 1 23 0
1 2 1 24 0
1 31 1 25 0
1 26 1 34 0
1 27 1 78 0
1 44 1 28 0
1 29 1 26 0
1 30 1 82 0
1 3 1 31 0
1 31 1 32 0
1 75 1 33 0
1 34 1 20 0
1 35 1 3 0
1 58 1 36 0
1 37 1 85 0
1 36 1 38 0
1 39 1 60 0
1 12 1 40 0
1 41 1 79 0
1 47 1 42 0
1 45 1 43 0
1 87 1 44 0
1 86 1 45 0
1 33 1 46 0
1 61 1 47 0
1 48 1 58 0
1 49 1 56 0
1 71 1 50 0
1 26 1 51 0
1 52 1 51 0
1 78 1 53 0
1 54 1 1 0
1 31 1 55 0
1 80 1 56 0
1 40 1 57 0
1 60 1 58 0
1 59 1 79 0
1 15 1 60 0
1 61 1 69 0
1 56 1 62 0
1 63 1 67 0
1 13 1 64 0
1 65 1 10 0
1 66 1 79 0
1 67 1 91 0
1 68 1 43 0
1 69 1 51 0
1 7 1 70 0
1 29 1 71 0
1 62 1 72 0
1 69 1 73 0
1 93 1 74 0
1 18 1 75 0
1 49 1 76 0
1 77 1 67 0
1 78 1 29 0
1 79 1 88 0
1 34 1 80 0
1 81 1 90 0
1 82 1 84 0
1 83 1 56 0
1 84 1 43 0
1 85 1 48 0
1 86 1 70 0
1 87 1 10 0
1 10 1 88 0
1 20 1 89 0
1 12 1 90 0
1 80 1 91 0
1 92 1 28 0
1 93 1 48 0
1 14 1 94 0
1 25 1 95 0
1 96 1 73 0
1 97 1 25 0
1 98 1 69 0
1 57 1 99 0
1 81 1 100 0
