250 250
1 1 1 110 0
1 2 1 63 0
1 214 1 3 0
1 4 1 243 0
1 5 1 58 0
1 6 1 218 0
1 224 1 7 0
1 8 1 140 0
1 176 1 9 0
1 106 1 10 0
1 11 1 75 0
1 12 1 130 0
1 13 1 131 0
1 14 1 85 0
1 89 1 15 0
1 16 1 32 0
1 197 1 17 0
1 93 1 18 0
1 19 1 12 0
1 20 1 218 0
1 60 1 21 0
1 144 1 22 0
1 246 1 23 0
1 24 1 19 0
1 121 1 25 0
1 131 1 26 0
1 250 1 27 0
1 28 1 164 0
1 29 1 211 0
1 30 1 232 0
1 250 1 31 0
1 32 1 111 0
1 201 1 33 0
1 34 1 228 0
1 35 1 210 0
1 36 1 101 0
1 133 1 37 0
1 130 1 38 0
1 39 1 212 0
1 40 1 123 0
1 71 1 41 0
1 42 1 137 0
1 171 1 43 0
1 39 1 44 0
1 200 1 45 0
1 46 1 74 0
1 47 1 37 0
1 101 1 48 0
1 84 1 49 0
1 168 1 50 0
1 51 1 98 0
1 52 1 14 0
1 53 1 147 0
1 54 1 238 0
1 55 1 169 0
1 41 1 56 0
1 57 1 32 0
1 32 1 58 0
1 59 1 245 0
1 60 1 149 0
1 61 1 80 0
1 62 1 128 0
1 86 1 63 0
1 17 1 64 0
1 65 1 122 0
1 66 1 170 0
1 72 1 67 0
1 68 1 227 0
1 69 1 166 0
1 244 1 70 0
1 233 1 71 0
1 29 1 72 0
1 129 1 73 0
1 74 1 157 0
1 75 1 118 0
1 76 1 141 0
1 77 1 44 0
1 78 1 129 0
1 144 1 79 0
1 57 1 80 0
1 160 1 81 0
1 82 1 92 0
1 83 1 208 0
1 84 1 69 0
1 85 1 104 0
1 35 1 86 0
1 131 1 87 0
1 132 1 88 0
1 89 1 1 0
1 90 1 79 0
1 170 1 91 0
1 92 1 212 0
1 93 1 212 0
1 94 1 123 0
1 95 1 171 0
1 237 1 96 0
1 160 1 97 0
1 98 1 35 0
1 244 1 99 0
1 100 1 227 0
1 14 1 101 0
1 36 1 102 0
1 162 1 103 0
1 104 1 127 0
1 105 1 29 0
1 106 1 227 0
1 57 1 107 0
1 108 1 126 0
1 248 1 109 0
1 108 1 110 0
1 111 1 65 0
1 244 1 112 0
1 178 1 113 0
1 164 1 114 0
1 114 1 115 0
1 116 1 18 0
1 21 1 117 0
1 118 1 152 0
1 89 1 119 0
1 214 1 120 0
1 75 1 121 0
1 122 1 37 0
1 165 1 123 0
1 35 1 124 0
1 125 1 161 0
1 161 1 126 0
1 127 1 187 0
1 194 1 128 0
1 129 1 64 0
1 130 1 77 0
1 175 1 131 0
1 132 1 164 0
1 133 1 44 0
1 205 1 134 0
1 158 1 135 0
1 136 1 165 0
1 137 1 74 0
1 57 1 138 0
1 103 1 139 0
1 140 1 97 0
1 192 1 141 0
1 80 1 142 0
1 143 1 231 0
1 144 1 173 0
1 145 1 56 0
1 26 1 146 0
1 159 1 147 0
1 148 1 33 0
1 149 1 52 0
1 107 1 150 0
1 151 1 122 0
1 248 1 152 0
1 38 1 153 0
1 154 1 110 0
1 155 1 176 0
1 156 1 227 0
1 157 1 148 0
1 207 1 158 0
1 159 1 188 0
1 84 1 160 0
1 74 1 161 0
1 83 1 162 0
1 163 1 103 0
1 164 1 41 0
1 165 1 51 0
1 25 1 166 0
1 230 1 167 0
1 168 1 62 0
1 169 1 90 0
1 170 1 231 0
1 138 1 171 0
1 172 1 225 0
1 122 1 173 0
1 174 1 69 0
1 175 1 144 0
1 176 1 99 0
1 124 1 177 0
1 134 1 178 0
1 179 1 70 0
1 180 1 198 0
1 61 1 181 0
1 182 1 228 0
1 85 1 183 0
1 184 1 185 0
1 145 1 185 0
1 142 1 186 0
1 187 1 208 0
1 188 1 53 0
1 225 1 189 0
1 190 1 16 0
1 87 1 191 0
1 192 1 202 0
1 193 1 167 0
1 194 1 127 0
1 204 1 195 0
1 196 1 158 0
1 197 1 234 0
1 198 1 24 0
1 196 1 199 0
1 50 1 200 0
1 201 1 108 0
1 202 1 33 0
1 69 1 203 0
1 204 1 217 0
1 187 1 205 0
1 62 1 206 0
1 115 1 207 0
1 113 1 208 0
1 209 1 32 0
1 210 1 49 0
1 143 1 211 0
1 212 1 61 0
1 100 1 213 0
1 214 1 143 0
1 215 1 36 0
1 216 1 209 0
1 87 1 217 0
1 218 1 199 0
1 139 1 219 0
1 220 1 144 0
1 221 1 121 0
1 211 1 222 0
1 223 1 199 0
1 224 1 216 0
1 185 1 225 0
1 226 1 72 0
1 227 1 215 0
1 228 1 93 0
1 229 1 198 0
1 193 1 230 0
1 83 1 231 0
1 191 1 232 0
1 233 1 215 0
1 234 1 3 0
1 211 1 235 0
1 165 1 236 0
1 237 1 245 0
1 117 1 238 0
1 199 1 239 0
1 110 1 240 0
1 241 1 148 0
1 41 1 242 0
1 243 1 98 0
1 199 1 244 0
1 245 1 39 0
1 246 1 199 0
1 247 1 136 0
1 248 1 58 0
1 163 1 249 0
1 250 1 78 0
