750 750
1 1 1 216 0
1 78 1 2 0
1 3 1 575 0
1 613 1 4 0
1 5 1 45 0
1 465 1 6 0
1 7 1 173 0
1 8 1 113 0
1 493 1 9 0
1 10 1 366 0
1 11 1 695 0
1 12 1 306 0
1 13 1 679 0
1 497 1 14 0
1 15 1 694 0
1 289 1 16 0
1 17 1 61 0
1 368 1 18 0
1 152 1 19 0
1 65 1 20 0
1 708 1 21 0
1 129 1 22 0
1 23 1 580 0
1 174 1 24 0
1 25 1 720 0
1 669 1 26 0
1 27 1 145 0
1 460 1 28 0
1 29 1 66 0
1 30 1 484 0
1 31 1 724 0
1 32 1 259 0
1 610 1 33 0
1 34 1 478 0
1 35 1 79 0
1 36 1 42 0
1 414 1 37 0
1 38 1 622 0
1 39 1 168 0
1 40 1 11 0
1 41 1 234 0
1 403 1 42 0
1 246 1 43 0
1 248 1 44 0
1 717 1 45 0
1 46 1 638 0
1 47 1 569 0
1 48 1 297 0
1 49 1 530 0
1 50 1 270 0
1 51 1 153 0
1 52 1 297 0
1 53 1 412 0
1 54 1 461 0
1 737 1 55 0
1 541 1 56 0
1 431 1 57 0
1 58 1 123 0
1 414 1 59 0
1 622 1 60 0
1 46 1 61 0
1 308 1 62 0
1 63 1 430 0
1 64 1 706 0
1 732 1 65 0
1 574 1 66 0
1 90 1 67 0
1 49 1 68 0
1 215 1 69 0
1 70 1 389 0
1 614 1 71 0
1 507 1 72 0
1 328 1 73 0
1 74 1 103 0
1 311 1 75 0
1 497 1 76 0
1 140 1 77 0
1 78 1 646 0
1 79 1 719 0
1 80 1 537 0
1 81 1 368 0
1 287 1 82 0
1 292 1 83 0
1 83 1 84 0
1 146 1 85 0
1 86 1 131 0
1 87 1 288 0
1 88 1 81 0
1 89 1 641 0
1 93 1 90 0
1 241 1 91 0
1 92 1 558 0
1 737 1 93 0
1 245 1 94 0
1 95 1 414 0
1 96 1 336 0
1 97 1 91 0
1 306 1 98 0
1 99 1 519 0
1 609 1 100 0
1 101 1 178 0
1 102 1 259 0
1 103 1 704 0
1 104 1 127 0
1 145 1 105 0
1 106 1 477 0
1 107 1 623 0
1 108 1 596 0
1 590 1 109 0
1 135 1 110 0
1 111 1 431 0
1 112 1 700 0
1 113 1 236 0
1 352 1 114 0
1 115 1 483 0
1 207 1 116 0
1 308 1 117 0
1 118 1 549 0
1 119 1 602 0
1 451 1 120 0
1 121 1 297 0
1 122 1 350 0
1 388 1 123 0
1 124 1 520 0
1 236 1 125 0
1 126 1 250 0
1 127 1 227 0
1 119 1 128 0
1 129 1 352 0
1 130 1 171 0
1 470 1 131 0
1 132 1 565 0
1 171 1 133 0
1 134 1 232 0
1 135 1 303 0
1 720 1 136 0
1 137 1 583 0
1 198 1 138 0
1 586 1 139 0
1 140 1 305 0
1 141 1 330 0
1 339 1 142 0
1 143 1 452 0
1 483 1 144 0
1 588 1 145 0
1 628 1 146 0
1 147 1 9 0
1 174 1 148 0
1 149 1 652 0
1 601 1 150 0
1 151 1 239 0
1 66 1 152 0
1 153 1 35 0
1 154 1 319 0
1 447 1 155 0
1 37 1 156 0
1 144 1 157 0
1 158 1 45 0
1 159 1 345 0
1 160 1 445 0
1 161 1 78 0
1 162 1 622 0
1 163 1 355 0
1 164 1 588 0
1 413 1 165 0
1 669 1 166 0
1 710 1 167 0
1 506 1 168 0
1 169 1 351 0
1 170 1 246 0
1 171 1 434 0
1 172 1 573 0
1 173 1 614 0
1 174 1 572 0
1 175 1 324 0
1 176 1 494 0
1 22 1 177 0
1 178 1 358 0
1 179 1 361 0
1 180 1 546 0
1 181 1 416 0
1 182 1 494 0
1 200 1 183 0
1 184 1 582 0
1 89 1 185 0
1 367 1 186 0
1 187 1 591 0
1 613 1 188 0
1 205 1 189 0
1 560 1 190 0
1 191 1 619 0
1 192 1 168 0
1 231 1 193 0
1 442 1 194 0
1 404 1 195 0
1 196 1 730 0
1 582 1 197 0
1 710 1 198 0
1 199 1 257 0
1 568 1 200 0
1 276 1 201 0
1 202 1 650 0
1 203 1 530 0
1 677 1 204 0
1 205 1 478 0
1 718 1 206 0
1 207 1 492 0
1 208 1 357 0
1 209 1 657 0
1 210 1 86 0
1 211 1 260 0
1 81 1 212 0
1 213 1 538 0
1 214 1 268 0
1 215 1 275 0
1 586 1 216 0
1 358 1 217 0
1 211 1 218 0
1 219 1 443 0
1 220 1 466 0
1 381 1 221 0
1 400 1 222 0
1 223 1 432 0
1 224 1 43 0
1 41 1 225 0
1 461 1 226 0
1 227 1 614 0
1 228 1 61 0
1 229 1 280 0
1 230 1 612 0
1 256 1 231 0
1 99 1 232 0
1 233 1 208 0
1 234 1 69 0
1 418 1 235 0
1 692 1 236 0
1 451 1 237 0
1 238 1 506 0
1 239 1 117 0
1 240 1 550 0
1 648 1 241 0
1 702 1 242 0
1 433 1 243 0
1 601 1 244 0
1 271 1 245 0
1 246 1 229 0
1 173 1 247 0
1 248 1 395 0
1 249 1 528 0
1 332 1 250 0
1 584 1 251 0
1 419 1 252 0
1 253 1 632 0
1 254 1 575 0
1 255 1 516 0
1 256 1 673 0
1 257 1 38 0
1 258 1 478 0
1 259 1 686 0
1 260 1 315 0
1 350 1 261 0
1 262 1 652 0
1 263 1 65 0
1 264 1 688 0
1 519 1 265 0
1 266 1 421 0
1 267 1 691 0
1 268 1 189 0
1 269 1 77 0
1 270 1 106 0
1 361 1 271 0
1 272 1 741 0
1 273 1 430 0
1 274 1 490 0
1 275 1 372 0
1 276 1 398 0
1 277 1 271 0
1 278 1 164 0
1 90 1 279 0
1 280 1 391 0
1 212 1 281 0
1 282 1 552 0
1 283 1 268 0
1 197 1 284 0
1 488 1 285 0
1 286 1 137 0
1 204 1 287 0
1 288 1 571 0
1 44 1 289 0
1 62 1 290 0
1 414 1 291 0
1 323 1 292 0
1 454 1 293 0
1 57 1 294 0
1 295 1 365 0
1 296 1 238 0
1 297 1 702 0
1 582 1 298 0
1 299 1 161 0
1 300 1 341 0
1 301 1 531 0
1 503 1 302 0
1 303 1 428 0
1 117 1 304 0
1 204 1 305 0
1 306 1 329 0
1 519 1 307 0
1 418 1 308 0
1 572 1 309 0
1 310 1 46 0
1 750 1 311 0
1 312 1 80 0
1 248 1 313 0
1 132 1 314 0
1 315 1 600 0
1 743 1 316 0
1 317 1 60 0
1 318 1 53 0
1 408 1 319 0
1 78 1 320 0
1 321 1 508 0
1 484 1 322 0
1 693 1 323 0
1 727 1 324 0
1 493 1 325 0
1 326 1 114 0
1 327 1 300 0
1 328 1 669 0
1 405 1 329 0
1 545 1 330 0
1 232 1 331 0
1 332 1 567 0
1 333 1 572 0
1 163 1 334 0
1 335 1 380 0
1 336 1 635 0
1 422 1 337 0
1 339 1 338 0
1 339 1 747 0
1 340 1 180 0
1 341 1 680 0
1 342 1 308 0
1 343 1 467 0
1 373 1 344 0
1 628 1 345 0
1 472 1 346 0
1 347 1 247 0
1 278 1 348 0
1 211 1 349 0
1 350 1 289 0
1 632 1 351 0
1 352 1 284 0
1 328 1 353 0
1 43 1 354 0
1 640 1 355 0
1 356 1 159 0
1 564 1 357 0
1 476 1 358 0
1 362 1 359 0
1 231 1 360 0
1 187 1 361 0
1 458 1 362 0
1 497 1 363 0
1 364 1 316 0
1 20 1 365 0
1 170 1 366 0
1 729 1 367 0
1 368 1 205 0
1 369 1 376 0
1 705 1 370 0
1 371 1 202 0
1 429 1 372 0
1 373 1 560 0
1 389 1 374 0
1 260 1 375 0
1 67 1 376 0
1 167 1 377 0
1 378 1 617 0
1 379 1 431 0
1 380 1 475 0
1 487 1 381 0
1 382 1 717 0
1 383 1 322 0
1 691 1 384 0
1 266 1 385 0
1 164 1 386 0
1 387 1 330 0
1 388 1 404 0
1 502 1 389 0
1 390 1 112 0
1 353 1 391 0
1 246 1 392 0
1 393 1 229 0
1 672 1 394 0
1 498 1 395 0
1 396 1 398 0
1 397 1 380 0
1 398 1 711 0
1 399 1 541 0
1 400 1 544 0
1 741 1 401 0
1 308 1 402 0
1 324 1 403 0
1 404 1 708 0
1 663 1 405 0
1 355 1 406 0
1 407 1 417 0
1 25 1 408 0
1 187 1 409 0
1 609 1 410 0
1 411 1 451 0
1 409 1 412 0
1 668 1 413 0
1 414 1 471 0
1 99 1 415 0
1 306 1 416 0
1 417 1 645 0
1 585 1 418 0
1 419 1 81 0
1 380 1 420 0
1 707 1 421 0
1 422 1 511 0
1 423 1 531 0
1 424 1 462 0
1 425 1 33 0
1 630 1 426 0
1 429 1 427 0
1 428 1 97 0
1 429 1 235 0
1 430 1 69 0
1 462 1 431 0
1 432 1 375 0
1 433 1 487 0
1 434 1 301 0
1 435 1 297 0
1 436 1 174 0
1 148 1 437 0
1 18 1 438 0
1 439 1 25 0
1 484 1 440 0
1 425 1 441 0
1 471 1 442 0
1 443 1 304 0
1 37 1 444 0
1 445 1 182 0
1 577 1 446 0
1 527 1 447 0
1 329 1 448 0
1 449 1 380 0
1 450 1 703 0
1 716 1 451 0
1 452 1 556 0
1 73 1 453 0
1 473 1 454 0
1 455 1 248 0
1 445 1 456 0
1 457 1 176 0
1 381 1 458 0
1 177 1 459 0
1 460 1 97 0
1 461 1 502 0
1 462 1 114 0
1 463 1 419 0
1 492 1 464 0
1 482 1 465 0
1 466 1 118 0
1 236 1 467 0
1 310 1 468 0
1 469 1 636 0
1 470 1 566 0
1 236 1 471 0
1 472 1 33 0
1 709 1 473 0
1 474 1 689 0
1 540 1 475 0
1 476 1 466 0
1 477 1 710 0
1 471 1 478 0
1 479 1 523 0
1 320 1 480 0
1 481 1 704 0
1 482 1 363 0
1 483 1 413 0
1 747 1 484 0
1 485 1 227 0
1 486 1 229 0
1 487 1 583 0
1 269 1 488 0
1 720 1 489 0
1 389 1 490 0
1 466 1 491 0
1 2 1 492 0
1 28 1 493 0
1 494 1 274 0
1 495 1 202 0
1 496 1 685 0
1 497 1 81 0
1 498 1 262 0
1 499 1 361 0
1 1 1 500 0
1 501 1 197 0
1 115 1 502 0
1 503 1 459 0
1 504 1 426 0
1 505 1 149 0
1 590 1 506 0
1 382 1 507 0
1 508 1 488 0
1 531 1 509 0
1 510 1 53 0
1 511 1 201 0
1 14 1 512 0
1 642 1 513 0
1 514 1 492 0
1 440 1 515 0
1 739 1 516 0
1 593 1 517 0
1 71 1 518 0
1 39 1 519 0
1 90 1 520 0
1 94 1 521 0
1 522 1 449 0
1 280 1 523 0
1 524 1 520 0
1 354 1 525 0
1 450 1 526 0
1 40 1 527 0
1 42 1 528 0
1 529 1 39 0
1 523 1 530 0
1 393 1 531 0
1 499 1 532 0
1 138 1 533 0
1 534 1 489 0
1 535 1 409 0
1 536 1 576 0
1 537 1 617 0
1 23 1 538 0
1 539 1 691 0
1 324 1 540 0
1 541 1 276 0
1 611 1 542 0
1 543 1 397 0
1 397 1 544 0
1 500 1 545 0
1 546 1 517 0
1 718 1 547 0
1 548 1 673 0
1 133 1 549 0
1 717 1 550 0
1 54 1 551 0
1 552 1 157 0
1 601 1 553 0
1 84 1 554 0
1 361 1 555 0
1 341 1 556 0
1 2 1 557 0
1 590 1 558 0
1 745 1 559 0
1 619 1 560 0
1 561 1 28 0
1 498 1 562 0
1 593 1 563 0
1 564 1 217 0
1 692 1 565 0
1 566 1 110 0
1 354 1 567 0
1 568 1 719 0
1 569 1 625 0
1 570 1 215 0
1 157 1 571 0
1 572 1 175 0
1 695 1 573 0
1 197 1 574 0
1 575 1 110 0
1 576 1 676 0
1 618 1 577 0
1 34 1 578 0
1 95 1 579 0
1 580 1 553 0
1 218 1 581 0
1 582 1 282 0
1 526 1 583 0
1 584 1 639 0
1 458 1 585 0
1 586 1 149 0
1 587 1 586 0
1 588 1 629 0
1 589 1 705 0
1 590 1 215 0
1 591 1 685 0
1 540 1 592 0
1 523 1 593 0
1 594 1 56 0
1 595 1 327 0
1 593 1 596 0
1 597 1 188 0
1 522 1 598 0
1 748 1 599 0
1 600 1 259 0
1 599 1 601 0
1 602 1 70 0
1 707 1 603 0
1 604 1 748 0
1 605 1 435 0
1 491 1 606 0
1 607 1 476 0
1 608 1 429 0
1 609 1 440 0
1 605 1 610 0
1 611 1 41 0
1 98 1 612 0
1 125 1 613 0
1 614 1 425 0
1 669 1 615 0
1 616 1 74 0
1 617 1 290 0
1 359 1 618 0
1 619 1 140 0
1 620 1 630 0
1 621 1 542 0
1 622 1 34 0
1 705 1 623 0
1 252 1 624 0
1 737 1 625 0
1 626 1 641 0
1 627 1 327 0
1 628 1 523 0
1 629 1 159 0
1 484 1 630 0
1 631 1 655 0
1 632 1 614 0
1 89 1 633 0
1 634 1 406 0
1 635 1 706 0
1 418 1 636 0
1 175 1 637 0
1 146 1 638 0
1 639 1 545 0
1 79 1 640 0
1 440 1 641 0
1 642 1 258 0
1 643 1 547 0
1 588 1 644 0
1 360 1 645 0
1 468 1 646 0
1 585 1 647 0
1 648 1 506 0
1 39 1 649 0
1 302 1 650 0
1 651 1 713 0
1 652 1 46 0
1 202 1 653 0
1 714 1 654 0
1 445 1 655 0
1 498 1 656 0
1 657 1 268 0
1 564 1 658 0
1 471 1 659 0
1 660 1 427 0
1 677 1 661 0
1 662 1 717 0
1 663 1 505 0
1 56 1 664 0
1 665 1 189 0
1 24 1 666 0
1 667 1 418 0
1 215 1 668 0
1 669 1 108 0
1 670 1 520 0
1 404 1 671 0
1 394 1 672 0
1 673 1 654 0
1 333 1 674 0
1 273 1 675 0
1 676 1 749 0
1 25 1 677 0
1 526 1 678 0
1 340 1 679 0
1 680 1 124 0
1 681 1 710 0
1 682 1 346 0
1 683 1 732 0
1 172 1 684 0
1 685 1 510 0
1 686 1 498 0
1 687 1 377 0
1 558 1 688 0
1 261 1 689 0
1 690 1 471 0
1 691 1 164 0
1 692 1 252 0
1 693 1 40 0
1 332 1 694 0
1 285 1 695 0
1 696 1 329 0
1 697 1 310 0
1 366 1 698 0
1 653 1 699 0
1 700 1 721 0
1 701 1 402 0
1 316 1 702 0
1 346 1 703 0
1 27 1 704 0
1 705 1 18 0
1 706 1 279 0
1 180 1 707 0
1 372 1 708 0
1 709 1 336 0
1 37 1 710 0
1 47 1 711 0
1 583 1 712 0
1 713 1 477 0
1 714 1 69 0
1 715 1 641 0
1 716 1 520 0
1 545 1 717 0
1 718 1 563 0
1 101 1 719 0
1 599 1 720 0
1 721 1 70 0
1 722 1 200 0
1 723 1 446 0
1 393 1 724 0
1 725 1 229 0
1 296 1 726 0
1 328 1 727 0
1 159 1 728 0
1 321 1 729 0
1 505 1 730 0
1 731 1 34 0
1 383 1 732 0
1 733 1 743 0
1 210 1 734 0
1 735 1 417 0
1 129 1 736 0
1 106 1 737 0
1 68 1 738 0
1 739 1 488 0
1 740 1 297 0
1 741 1 130 0
1 451 1 742 0
1 743 1 194 0
1 194 1 744 0
1 706 1 745 0
1 746 1 121 0
1 747 1 190 0
1 748 1 377 0
1 395 1 749 0
1 280 1 750 0
