1150 1150
1 1094 1 1 0
1 2 1 980 0
1 305 1 3 0
1 878 1 4 0
1 884 1 5 0
1 6 1 1072 0
1 7 1 396 0
1 8 1 883 0
1 9 1 26 0
1 10 1 1120 0
1 795 1 11 0
1 12 1 226 0
1 13 1 753 0
1 14 1 1093 0
1 15 1 856 0
1 16 1 1043 0
1 17 1 633 0
1 377 1 18 0
1 19 1 730 0
1 1058 1 20 0
1 21 1 1141 0
1 59 1 22 0
1 23 1 1119 0
1 24 1 573 0
1 25 1 194 0
1 26 1 233 0
1 683 1 27 0
1 28 1 228 0
1 209 1 29 0
1 432 1 30 0
1 31 1 489 0
1 1076 1 32 0
1 468 1 33 0
1 933 1 34 0
1 35 1 69 0
1 36 1 532 0
1 1116 1 37 0
1 38 1 438 0
1 660 1 39 0
1 909 1 40 0
1 1078 1 41 0
1 577 1 42 0
1 43 1 214 0
1 44 1 469 0
1 45 1 1080 0
1 1129 1 46 0
1 47 1 842 0
1 555 1 48 0
1 830 1 49 0
1 50 1 496 0
1 51 1 510 0
1 52 1 355 0
1 799 1 53 0
1 54 1 356 0
1 532 1 55 0
1 56 1 75 0
1 126 1 57 0
1 213 1 58 0
1 853 1 59 0
1 807 1 60 0
1 10 1 61 0
1 16 1 62 0
1 320 1 63 0
1 64 1 78 0
1 355 1 65 0
1 66 1 773 0
1 67 1 601 0
1 68 1 754 0
1 69 1 939 0
1 625 1 70 0
1 71 1 838 0
1 948 1 72 0
1 73 1 762 0
1 74 1 717 0
1 701 1 75 0
1 1036 1 76 0
1 250 1 77 0
1 78 1 231 0
1 140 1 79 0
1 80 1 38 0
1 715 1 81 0
1 251 1 82 0
1 83 1 1107 0
1 272 1 84 0
1 85 1 933 0
1 1137 1 86 0
1 1034 1 87 0
1 88 1 665 0
1 1124 1 89 0
1 90 1 918 0
1 503 1 91 0
1 92 1 767 0
1 93 1 802 0
1 94 1 1105 0
1 20 1 95 0
1 96 1 1021 0
1 97 1 87 0
1 990 1 98 0
1 1135 1 99 0
1 1105 1 100 0
1 508 1 101 0
1 102 1 487 0
1 702 1 103 0
1 104 1 1140 0
1 105 1 200 0
1 974 1 106 0
1 323 1 107 0
1 33 1 108 0
1 421 1 109 0
1 1092 1 110 0
1 937 1 111 0
1 1092 1 112 0
1 933 1 113 0
1 988 1 114 0
1 115 1 69 0
1 96 1 116 0
1 117 1 868 0
1 513 1 118 0
1 119 1 418 0
1 120 1 628 0
1 302 1 121 0
1 122 1 453 0
1 361 1 123 0
1 652 1 124 0
1 125 1 830 0
1 214 1 126 0
1 127 1 697 0
1 128 1 175 0
1 129 1 1001 0
1 130 1 503 0
1 321 1 131 0
1 132 1 536 0
1 1078 1 133 0
1 134 1 236 0
1 135 1 80 0
1 136 1 192 0
1 137 1 736 0
1 138 1 104 0
1 139 1 1127 0
1 140 1 714 0
1 141 1 459 0
1 475 1 142 0
1 530 1 143 0
1 144 1 765 0
1 1027 1 145 0
1 146 1 626 0
1 147 1 677 0
1 148 1 1089 0
1 76 1 149 0
1 150 1 817 0
1 2 1 151 0
1 902 1 152 0
1 153 1 882 0
1 154 1 5 0
1 81 1 155 0
1 758 1 156 0
1 642 1 157 0
1 158 1 724 0
1 159 1 857 0
1 160 1 925 0
1 1113 1 161 0
1 162 1 516 0
1 163 1 261 0
1 164 1 678 0
1 165 1 490 0
1 166 1 34 0
1 167 1 83 0
1 268 1 168 0
1 160 1 169 0
1 170 1 758 0
1 171 1 826 0
1 172 1 307 0
1 862 1 173 0
1 174 1 993 0
1 175 1 739 0
1 176 1 226 0
1 177 1 400 0
1 85 1 178 0
1 901 1 179 0
1 551 1 180 0
1 1117 1 181 0
1 182 1 775 0
1 183 1 591 0
1 362 1 184 0
1 443 1 185 0
1 186 1 295 0
1 114 1 187 0
1 36 1 188 0
1 189 1 11 0
1 190 1 250 0
1 394 1 191 0
1 841 1 192 0
1 62 1 193 0
1 438 1 194 0
1 195 1 500 0
1 196 1 1123 0
1 197 1 875 0
1 779 1 198 0
1 199 1 893 0
1 200 1 508 0
1 1087 1 201 0
1 202 1 349 0
1 171 1 203 0
1 840 1 204 0
1 205 1 251 0
1 206 1 212 0
1 207 1 759 0
1 212 1 208 0
1 298 1 209 0
1 950 1 210 0
1 28 1 211 0
1 8 1 212 0
1 592 1 213 0
1 119 1 214 0
1 215 1 865 0
1 216 1 794 0
1 217 1 553 0
1 460 1 218 0
1 468 1 219 0
1 962 1 220 0
1 221 1 990 0
1 222 1 701 0
1 561 1 223 0
1 224 1 361 0
1 225 1 752 0
1 226 1 493 0
1 227 1 756 0
1 228 1 1047 0
1 229 1 105 0
1 230 1 878 0
1 1003 1 231 0
1 1046 1 232 0
1 821 1 233 0
1 234 1 377 0
1 986 1 235 0
1 236 1 933 0
1 1137 1 237 0
1 238 1 1007 0
1 304 1 239 0
1 240 1 52 0
1 242 1 241 0
1 242 1 45 0
1 243 1 832 0
1 244 1 721 0
1 167 1 245 0
1 246 1 61 0
1 247 1 1150 0
1 248 1 990 0
1 249 1 216 0
1 1061 1 250 0
1 251 1 817 0
1 8 1 252 0
1 253 1 158 0
1 254 1 946 0
1 1009 1 255 0
1 312 1 256 0
1 862 1 257 0
1 258 1 1083 0
1 194 1 259 0
1 260 1 1147 0
1 362 1 261 0
1 287 1 262 0
1 1056 1 263 0
1 563 1 264 0
1 265 1 473 0
1 898 1 266 0
1 267 1 1102 0
1 268 1 526 0
1 269 1 37 0
1 270 1 1111 0
1 271 1 488 0
1 187 1 272 0
1 273 1 931 0
1 578 1 274 0
1 275 1 1031 0
1 276 1 771 0
1 28 1 277 0
1 278 1 740 0
1 975 1 279 0
1 953 1 280 0
1 557 1 281 0
1 153 1 282 0
1 462 1 283 0
1 514 1 284 0
1 1077 1 285 0
1 286 1 1011 0
1 287 1 591 0
1 288 1 1141 0
1 289 1 281 0
1 290 1 906 0
1 1119 1 291 0
1 535 1 292 0
1 884 1 293 0
1 294 1 208 0
1 418 1 295 0
1 613 1 296 0
1 187 1 297 0
1 298 1 270 0
1 615 1 299 0
1 421 1 300 0
1 301 1 1007 0
1 302 1 933 0
1 303 1 920 0
1 304 1 1049 0
1 609 1 305 0
1 306 1 1033 0
1 453 1 307 0
1 308 1 406 0
1 812 1 309 0
1 310 1 101 0
1 311 1 81 0
1 861 1 312 0
1 313 1 368 0
1 757 1 314 0
1 740 1 315 0
1 924 1 316 0
1 317 1 252 0
1 738 1 318 0
1 578 1 319 0
1 844 1 320 0
1 373 1 321 0
1 271 1 322 0
1 323 1 680 0
1 324 1 373 0
1 325 1 842 0
1 503 1 326 0
1 518 1 327 0
1 328 1 1077 0
1 329 1 926 0
1 703 1 330 0
1 331 1 595 0
1 836 1 332 0
1 333 1 591 0
1 1053 1 334 0
1 405 1 335 0
1 453 1 336 0
1 337 1 1135 0
1 338 1 1064 0
1 339 1 111 0
1 245 1 340 0
1 341 1 1017 0
1 671 1 342 0
1 343 1 967 0
1 344 1 530 0
1 345 1 861 0
1 52 1 346 0
1 917 1 347 0
1 348 1 332 0
1 1032 1 349 0
1 350 1 327 0
1 351 1 82 0
1 844 1 352 0
1 566 1 353 0
1 354 1 624 0
1 937 1 355 0
1 356 1 903 0
1 357 1 924 0
1 39 1 358 0
1 359 1 352 0
1 360 1 567 0
1 361 1 1079 0
1 362 1 282 0
1 904 1 363 0
1 187 1 364 0
1 365 1 998 0
1 366 1 503 0
1 4 1 367 0
1 368 1 42 0
1 396 1 369 0
1 1095 1 370 0
1 980 1 371 0
1 1025 1 372 0
1 373 1 273 0
1 374 1 379 0
1 1143 1 375 0
1 376 1 789 0
1 369 1 377 0
1 655 1 378 0
1 379 1 569 0
1 380 1 561 0
1 420 1 381 0
1 462 1 382 0
1 383 1 60 0
1 698 1 384 0
1 385 1 680 0
1 386 1 1099 0
1 387 1 581 0
1 388 1 314 0
1 389 1 1083 0
1 390 1 826 0
1 391 1 898 0
1 392 1 440 0
1 312 1 393 0
1 394 1 985 0
1 186 1 395 0
1 396 1 839 0
1 397 1 314 0
1 1144 1 398 0
1 869 1 399 0
1 99 1 400 0
1 769 1 401 0
1 402 1 1134 0
1 232 1 403 0
1 404 1 942 0
1 1009 1 405 0
1 935 1 406 0
1 407 1 971 0
1 408 1 910 0
1 373 1 409 0
1 868 1 410 0
1 200 1 411 0
1 817 1 412 0
1 1120 1 413 0
1 414 1 593 0
1 41 1 415 0
1 314 1 416 0
1 417 1 539 0
1 471 1 418 0
1 419 1 864 0
1 872 1 420 0
1 721 1 421 0
1 422 1 231 0
1 1038 1 423 0
1 221 1 424 0
1 425 1 593 0
1 54 1 426 0
1 667 1 427 0
1 428 1 330 0
1 429 1 55 0
1 430 1 21 0
1 394 1 431 0
1 97 1 432 0
1 433 1 304 0
1 434 1 262 0
1 435 1 1115 0
1 88 1 436 0
1 437 1 278 0
1 438 1 496 0
1 439 1 967 0
1 408 1 440 0
1 441 1 526 0
1 42 1 442 0
1 443 1 11 0
1 444 1 694 0
1 300 1 445 0
1 1085 1 446 0
1 421 1 447 0
1 448 1 254 0
1 541 1 449 0
1 515 1 450 0
1 810 1 451 0
1 452 1 775 0
1 453 1 30 0
1 1037 1 454 0
1 455 1 13 0
1 456 1 795 0
1 457 1 914 0
1 458 1 7 0
1 459 1 211 0
1 460 1 65 0
1 461 1 64 0
1 136 1 462 0
1 996 1 463 0
1 464 1 956 0
1 523 1 465 0
1 738 1 466 0
1 300 1 467 0
1 939 1 468 0
1 379 1 469 0
1 359 1 470 0
1 471 1 633 0
1 13 1 472 0
1 473 1 969 0
1 16 1 474 0
1 475 1 1016 0
1 1083 1 476 0
1 477 1 979 0
1 478 1 100 0
1 1029 1 479 0
1 1070 1 480 0
1 1120 1 481 0
1 482 1 369 0
1 483 1 817 0
1 484 1 463 0
1 192 1 485 0
1 1030 1 486 0
1 487 1 47 0
1 10 1 488 0
1 575 1 489 0
1 41 1 490 0
1 974 1 491 0
1 492 1 826 0
1 493 1 1130 0
1 371 1 494 0
1 495 1 252 0
1 488 1 496 0
1 497 1 1027 0
1 1049 1 498 0
1 499 1 909 0
1 500 1 548 0
1 577 1 501 0
1 502 1 972 0
1 956 1 503 0
1 504 1 31 0
1 505 1 596 0
1 506 1 342 0
1 507 1 734 0
1 508 1 796 0
1 509 1 383 0
1 151 1 510 0
1 338 1 511 0
1 767 1 512 0
1 513 1 605 0
1 514 1 692 0
1 754 1 515 0
1 1133 1 516 0
1 517 1 498 0
1 838 1 518 0
1 519 1 1066 0
1 924 1 520 0
1 521 1 460 0
1 502 1 522 0
1 523 1 696 0
1 952 1 524 0
1 525 1 752 0
1 79 1 526 0
1 527 1 68 0
1 528 1 467 0
1 529 1 561 0
1 492 1 530 0
1 584 1 531 0
1 275 1 532 0
1 533 1 581 0
1 730 1 534 0
1 610 1 535 0
1 317 1 536 0
1 537 1 7 0
1 538 1 340 0
1 539 1 825 0
1 540 1 30 0
1 1015 1 541 0
1 542 1 133 0
1 543 1 398 0
1 544 1 311 0
1 545 1 1000 0
1 779 1 546 0
1 547 1 972 0
1 548 1 115 0
1 549 1 208 0
1 497 1 550 0
1 866 1 551 0
1 156 1 552 0
1 553 1 758 0
1 554 1 835 0
1 555 1 240 0
1 445 1 556 0
1 983 1 557 0
1 558 1 971 0
1 628 1 559 0
1 560 1 66 0
1 561 1 873 0
1 302 1 562 0
1 563 1 320 0
1 564 1 234 0
1 874 1 565 0
1 988 1 566 0
1 982 1 567 0
1 568 1 759 0
1 219 1 569 0
1 815 1 570 0
1 571 1 734 0
1 572 1 970 0
1 1016 1 573 0
1 463 1 574 0
1 440 1 575 0
1 576 1 505 0
1 511 1 577 0
1 578 1 770 0
1 579 1 523 0
1 580 1 322 0
1 1077 1 581 0
1 294 1 582 0
1 698 1 583 0
1 108 1 584 0
1 585 1 213 0
1 803 1 586 0
1 587 1 809 0
1 588 1 348 0
1 279 1 589 0
1 590 1 55 0
1 591 1 502 0
1 592 1 1130 0
1 593 1 459 0
1 569 1 594 0
1 341 1 595 0
1 596 1 583 0
1 529 1 597 0
1 598 1 339 0
1 498 1 599 0
1 834 1 600 0
1 601 1 241 0
1 418 1 602 0
1 649 1 603 0
1 604 1 498 0
1 579 1 605 0
1 606 1 424 0
1 976 1 607 0
1 608 1 151 0
1 609 1 370 0
1 449 1 610 0
1 61 1 611 0
1 612 1 1062 0
1 543 1 613 0
1 614 1 770 0
1 615 1 1060 0
1 616 1 767 0
1 617 1 883 0
1 618 1 1065 0
1 619 1 182 0
1 620 1 151 0
1 621 1 201 0
1 622 1 860 0
1 623 1 189 0
1 377 1 624 0
1 482 1 625 0
1 969 1 626 0
1 627 1 1044 0
1 628 1 415 0
1 283 1 629 0
1 630 1 861 0
1 1061 1 631 0
1 203 1 632 0
1 843 1 633 0
1 634 1 279 0
1 330 1 635 0
1 714 1 636 0
1 828 1 637 0
1 638 1 47 0
1 829 1 639 0
1 1039 1 640 0
1 944 1 641 0
1 708 1 642 0
1 643 1 683 0
1 644 1 275 0
1 572 1 645 0
1 597 1 646 0
1 364 1 647 0
1 564 1 648 0
1 947 1 649 0
1 36 1 650 0
1 297 1 651 0
1 453 1 652 0
1 493 1 653 0
1 41 1 654 0
1 655 1 50 0
1 199 1 656 0
1 657 1 794 0
1 658 1 663 0
1 659 1 980 0
1 660 1 661 0
1 661 1 33 0
1 248 1 662 0
1 1102 1 663 0
1 664 1 479 0
1 470 1 665 0
1 666 1 1003 0
1 667 1 1144 0
1 884 1 668 0
1 999 1 669 0
1 670 1 397 0
1 486 1 671 0
1 991 1 672 0
1 673 1 400 0
1 674 1 1041 0
1 986 1 675 0
1 462 1 676 0
1 810 1 677 0
1 147 1 678 0
1 256 1 679 0
1 10 1 680 0
1 155 1 681 0
1 682 1 293 0
1 20 1 683 0
1 372 1 684 0
1 685 1 309 0
1 1125 1 686 0
1 687 1 522 0
1 811 1 688 0
1 689 1 93 0
1 524 1 690 0
1 1035 1 691 0
1 838 1 692 0
1 357 1 693 0
1 694 1 915 0
1 695 1 505 0
1 605 1 696 0
1 697 1 987 0
1 698 1 2 0
1 699 1 380 0
1 894 1 700 0
1 701 1 811 0
1 562 1 702 0
1 766 1 703 0
1 606 1 704 0
1 97 1 705 0
1 706 1 557 0
1 707 1 175 0
1 708 1 1119 0
1 709 1 822 0
1 623 1 710 0
1 711 1 104 0
1 421 1 712 0
1 713 1 698 0
1 348 1 714 0
1 715 1 969 0
1 716 1 998 0
1 488 1 717 0
1 718 1 774 0
1 525 1 719 0
1 736 1 720 0
1 732 1 721 0
1 571 1 722 0
1 1039 1 723 0
1 724 1 5 0
1 725 1 756 0
1 726 1 341 0
1 727 1 329 0
1 728 1 1101 0
1 144 1 729 0
1 730 1 587 0
1 464 1 731 0
1 373 1 732 0
1 699 1 733 0
1 734 1 791 0
1 308 1 735 0
1 1007 1 736 0
1 737 1 346 0
1 49 1 738 0
1 21 1 739 0
1 199 1 740 0
1 883 1 741 0
1 742 1 1122 0
1 743 1 124 0
1 599 1 744 0
1 745 1 308 0
1 213 1 746 0
1 747 1 753 0
1 786 1 748 0
1 567 1 749 0
1 432 1 750 0
1 129 1 751 0
1 752 1 485 0
1 753 1 451 0
1 691 1 754 0
1 153 1 755 0
1 1057 1 756 0
1 757 1 481 0
1 717 1 758 0
1 759 1 1041 0
1 760 1 781 0
1 657 1 761 0
1 433 1 762 0
1 764 1 763 0
1 433 1 764 0
1 172 1 765 0
1 814 1 766 0
1 767 1 279 0
1 768 1 758 0
1 401 1 769 0
1 770 1 729 0
1 771 1 980 0
1 772 1 1039 0
1 773 1 770 0
1 774 1 1122 0
1 359 1 775 0
1 776 1 433 0
1 777 1 393 0
1 778 1 747 0
1 779 1 12 0
1 1024 1 780 0
1 497 1 781 0
1 782 1 874 0
1 783 1 176 0
1 962 1 784 0
1 983 1 785 0
1 786 1 235 0
1 555 1 787 0
1 788 1 723 0
1 789 1 548 0
1 790 1 38 0
1 791 1 411 0
1 436 1 792 0
1 1142 1 793 0
1 794 1 194 0
1 795 1 455 0
1 796 1 409 0
1 20 1 797 0
1 798 1 43 0
1 570 1 799 0
1 433 1 800 0
1 801 1 137 0
1 802 1 280 0
1 715 1 803 0
1 804 1 901 0
1 805 1 68 0
1 673 1 806 0
1 807 1 336 0
1 808 1 323 0
1 945 1 809 0
1 1079 1 810 0
1 811 1 638 0
1 812 1 367 0
1 813 1 86 0
1 814 1 103 0
1 815 1 250 0
1 816 1 997 0
1 119 1 817 0
1 88 1 818 0
1 819 1 200 0
1 211 1 820 0
1 235 1 821 0
1 822 1 932 0
1 417 1 823 0
1 824 1 821 0
1 825 1 513 0
1 362 1 826 0
1 128 1 827 0
1 828 1 440 0
1 829 1 310 0
1 1084 1 830 0
1 137 1 831 0
1 277 1 832 0
1 902 1 833 0
1 392 1 834 0
1 835 1 342 0
1 836 1 48 0
1 898 1 837 0
1 11 1 838 0
1 496 1 839 0
1 840 1 217 0
1 841 1 230 0
1 785 1 842 0
1 843 1 592 0
1 844 1 37 0
1 904 1 845 0
1 256 1 846 0
1 349 1 847 0
1 348 1 848 0
1 849 1 799 0
1 62 1 850 0
1 804 1 851 0
1 852 1 601 0
1 853 1 796 0
1 539 1 854 0
1 36 1 855 0
1 45 1 856 0
1 137 1 857 0
1 858 1 1037 0
1 859 1 684 0
1 860 1 742 0
1 867 1 861 0
1 984 1 862 0
1 863 1 346 0
1 941 1 864 0
1 865 1 463 0
1 435 1 866 0
1 867 1 858 0
1 868 1 1032 0
1 828 1 869 0
1 740 1 870 0
1 871 1 344 0
1 419 1 872 0
1 614 1 873 0
1 874 1 253 0
1 863 1 875 0
1 876 1 957 0
1 877 1 1136 0
1 878 1 724 0
1 424 1 879 0
1 880 1 1002 0
1 286 1 881 0
1 882 1 917 0
1 883 1 510 0
1 950 1 884 0
1 789 1 885 0
1 912 1 886 0
1 887 1 553 0
1 888 1 251 0
1 889 1 684 0
1 401 1 890 0
1 891 1 348 0
1 892 1 980 0
1 314 1 893 0
1 437 1 894 0
1 895 1 982 0
1 876 1 896 0
1 506 1 897 0
1 116 1 898 0
1 899 1 591 0
1 900 1 1087 0
1 566 1 901 0
1 902 1 1131 0
1 903 1 416 0
1 904 1 656 0
1 905 1 262 0
1 906 1 665 0
1 907 1 1108 0
1 908 1 483 0
1 909 1 570 0
1 75 1 910 0
1 113 1 911 0
1 912 1 574 0
1 913 1 685 0
1 911 1 914 0
1 387 1 915 0
1 142 1 916 0
1 1003 1 917 0
1 918 1 596 0
1 698 1 919 0
1 920 1 135 0
1 921 1 182 0
1 778 1 922 0
1 923 1 718 0
1 877 1 924 0
1 925 1 671 0
1 1141 1 926 0
1 701 1 927 0
1 141 1 928 0
1 530 1 929 0
1 930 1 672 0
1 946 1 931 0
1 140 1 932 0
1 249 1 933 0
1 825 1 934 0
1 477 1 935 0
1 456 1 936 0
1 937 1 515 0
1 938 1 394 0
1 245 1 939 0
1 194 1 940 0
1 941 1 176 0
1 942 1 939 0
1 943 1 86 0
1 944 1 1068 0
1 1040 1 945 0
1 946 1 1119 0
1 574 1 947 0
1 948 1 889 0
1 603 1 949 0
1 349 1 950 0
1 951 1 213 0
1 952 1 928 0
1 953 1 1090 0
1 954 1 1029 0
1 360 1 955 0
1 592 1 956 0
1 957 1 884 0
1 415 1 958 0
1 959 1 585 0
1 960 1 165 0
1 961 1 945 0
1 321 1 962 0
1 963 1 323 0
1 964 1 846 0
1 965 1 1099 0
1 966 1 441 0
1 967 1 61 0
1 458 1 968 0
1 969 1 809 0
1 970 1 466 0
1 971 1 530 0
1 972 1 887 0
1 761 1 973 0
1 974 1 902 0
1 115 1 975 0
1 914 1 976 0
1 1091 1 977 0
1 141 1 978 0
1 979 1 720 0
1 745 1 980 0
1 981 1 571 0
1 263 1 982 0
1 425 1 983 0
1 313 1 984 0
1 985 1 1086 0
1 986 1 914 0
1 537 1 987 0
1 970 1 988 0
1 989 1 404 0
1 990 1 452 0
1 991 1 289 0
1 765 1 992 0
1 304 1 993 0
1 994 1 316 0
1 760 1 995 0
1 996 1 937 0
1 234 1 997 0
1 998 1 498 0
1 6 1 999 0
1 881 1 1000 0
1 212 1 1001 0
1 555 1 1002 0
1 1003 1 978 0
1 196 1 1004 0
1 169 1 1005 0
1 695 1 1006 0
1 154 1 1007 0
1 229 1 1008 0
1 1111 1 1009 0
1 108 1 1010 0
1 129 1 1011 0
1 430 1 1012 0
1 1013 1 162 0
1 1014 1 177 0
1 1015 1 431 0
1 1016 1 638 0
1 771 1 1017 0
1 1018 1 1114 0
1 1019 1 194 0
1 215 1 1020 0
1 1106 1 1021 0
1 1022 1 732 0
1 1023 1 836 0
1 1024 1 113 0
1 1025 1 277 0
1 1026 1 1118 0
1 150 1 1027 0
1 1001 1 1028 0
1 1029 1 601 0
1 1030 1 285 0
1 661 1 1031 0
1 1117 1 1032 0
1 1079 1 1033 0
1 1034 1 270 0
1 182 1 1035 0
1 1036 1 981 0
1 681 1 1037 0
1 1038 1 195 0
1 1039 1 315 0
1 1040 1 276 0
1 1041 1 774 0
1 892 1 1042 0
1 455 1 1043 0
1 1044 1 860 0
1 1045 1 864 0
1 984 1 1046 0
1 282 1 1047 0
1 1048 1 467 0
1 437 1 1049 0
1 1050 1 365 0
1 830 1 1051 0
1 1052 1 539 0
1 1053 1 332 0
1 1054 1 929 0
1 233 1 1055 0
1 1056 1 1115 0
1 120 1 1057 0
1 1058 1 836 0
1 1150 1 1059 0
1 741 1 1060 0
1 1061 1 980 0
1 1062 1 877 0
1 1063 1 210 0
1 1064 1 859 0
1 381 1 1065 0
1 394 1 1066 0
1 409 1 1067 0
1 855 1 1068 0
1 1069 1 11 0
1 1070 1 1111 0
1 1071 1 345 0
1 1072 1 524 0
1 1073 1 1090 0
1 1106 1 1074 0
1 847 1 1075 0
1 1076 1 621 0
1 520 1 1077 0
1 1078 1 1097 0
1 1079 1 585 0
1 838 1 1080 0
1 956 1 1081 0
1 1082 1 585 0
1 599 1 1083 0
1 685 1 1084 0
1 1085 1 657 0
1 1086 1 364 0
1 1087 1 1103 0
1 1088 1 138 0
1 1089 1 1139 0
1 1090 1 1093 0
1 1091 1 330 0
1 1092 1 854 0
1 1098 1 1093 0
1 1094 1 684 0
1 1095 1 712 0
1 320 1 1096 0
1 1097 1 750 0
1 811 1 1098 0
1 354 1 1099 0
1 1100 1 1101 0
1 1025 1 1101 0
1 1102 1 633 0
1 1103 1 268 0
1 1104 1 55 0
1 1105 1 176 0
1 152 1 1106 0
1 872 1 1107 0
1 496 1 1108 0
1 1106 1 1109 0
1 1110 1 691 0
1 1111 1 811 0
1 1012 1 1112 0
1 364 1 1113 0
1 343 1 1114 0
1 1115 1 3 0
1 1116 1 785 0
1 80 1 1117 0
1 534 1 1118 0
1 344 1 1119 0
1 492 1 1120 0
1 622 1 1121 0
1 272 1 1122 0
1 1123 1 451 0
1 1124 1 832 0
1 260 1 1125 0
1 1126 1 934 0
1 114 1 1127 0
1 674 1 1128 0
1 1129 1 152 0
1 795 1 1130 0
1 955 1 1131 0
1 1138 1 1132 0
1 988 1 1133 0
1 1134 1 1018 0
1 576 1 1135 0
1 1136 1 380 0
1 918 1 1137 0
1 1094 1 1138 0
1 1139 1 610 0
1 812 1 1140 0
1 1141 1 1112 0
1 1142 1 881 0
1 1143 1 506 0
1 200 1 1144 0
1 1145 1 476 0
1 1146 1 1037 0
1 1147 1 1027 0
1 1148 1 767 0
1 552 1 1149 0
1 1150 1 360 0
